1
1
42
0
(16 0
((0) (7) (0))
((8) (15) (0))
((16) (23) (0))
((24) (31) (0))
((32) (39) (0))
((40) (47) (0))
((48) (55) (0))
((56) (63) (0))
((64) (71) (0))
((72) (79) (0))
((80) (87) (0))
((88) (95) (0))
((96) (103) (0))
((104) (111) (0))
((112) (119) (0))
((120) (127) (0))
)
16
FabOnDisk: Cell_D_00000 0
FabOnDisk: Cell_D_00001 0
FabOnDisk: Cell_D_00002 0
FabOnDisk: Cell_D_00003 0
FabOnDisk: Cell_D_00004 0
FabOnDisk: Cell_D_00005 0
FabOnDisk: Cell_D_00006 0
FabOnDisk: Cell_D_00007 0
FabOnDisk: Cell_D_00008 0
FabOnDisk: Cell_D_00009 0
FabOnDisk: Cell_D_00010 0
FabOnDisk: Cell_D_00011 0
FabOnDisk: Cell_D_00012 0
FabOnDisk: Cell_D_00013 0
FabOnDisk: Cell_D_00014 0
FabOnDisk: Cell_D_00015 0

16,42
2.9263141612598551e-04,-6.5056332484891954e-01,0.0000000000000000e+00,0.0000000000000000e+00,8.1021303549385362e+05,2.1418986587957934e+03,3.0496272057501850e-07,7.2297558071594797e-07,1.6599489021202032e-06,3.4155689580656550e-06,2.2365149950665583e-05,4.8512372245356752e-06,8.0207889378328228e-10,4.1592834599852172e-10,0.0000000000000000e+00,2.5923241266580341e-04,0.0000000000000000e+00,0.0000000000000000e+00,0.0000000000000000e+00,-1.2680242606293784e-02,-2.9826379445177173e-03,-4.4703156340945453e-02,1.9621867510647567e-02,4.2778586243950922e-02,-9.0894369839760181e-02,-4.5112335067505545e-05,-2.7637501141242422e-05,0.0000000000000000e+00,-2.2293278334473143e-13,0.0000000000000000e+00,0.0000000000000000e+00,0.0000000000000000e+00,2.5274115097738842e+10,4.6896000000018478e-05,1.7282955909554053e+06,-2.1079173472950679e+03,2.8572637715793504e-03,0.0000000000000000e+00,-1.3906043798621658e+04,1.8527933696690809e-05,7.9907204957030490e+06,5.4557114637120720e+06,
3.2308396258672604e-04,4.6637750331291256e-01,0.0000000000000000e+00,0.0000000000000000e+00,8.6561296455192566e+05,2.0075185127503476e+03,4.4479911684360885e-07,8.1433768318803389e-07,2.1787196097541976e-06,3.3979729596034006e-06,2.3856666998882328e-05,6.1827997415922778e-06,1.2567894672948258e-09,7.6877193017962510e-10,0.0000000000000000e+00,2.8620348363232062e-04,0.0000000000000000e+00,0.0000000000000000e+00,0.0000000000000000e+00,-2.9761944598861410e-02,-2.2641933453359112e-03,-8.9723849018619461e-02,3.9877988074788331e-02,1.2905821561519351e-01,-1.9820585151152884e-01,-1.5341519971494427e-04,-5.1062324004059693e-05,0.0000000000000000e+00,-2.2293278334473143e-13,0.0000000000000000e+00,0.0000000000000000e+00,0.0000000000000000e+00,5.7722700796849121e+10,2.9311874999993215e-05,1.7305326337426447e+06,1.4435179622625867e+03,1.6288879151659066e-02,0.0000000000000000e+00,9.1399381726304546e+03,2.4808585808395144e-05,7.9666048191202292e+06,5.4094261938557057e+06,
3.8367100966077617e-04,1.9253133530655717e+00,0.0000000000000000e+00,0.0000000000000000e+00,1.3139377034652694e+06,1.2355253803872877e+03,6.2625829035727130e-10,9.9131011963643886e-07,1.5872086872949543e-09,7.3582400571489012e-10,1.4363937679158545e-08,8.3170681262659151e-06,2.1503415945776912e-09,1.1135316817130864e-11,0.0000000000000000e+00,3.3984335718382006e-04,0.0000000000000000e+00,0.0000000000000000e+00,0.0000000000000000e+00,-8.6694879522932811e-02,-2.1048431755966313e+00,-1.7651698849705511e-01,3.2043109327377085e-04,4.5079622838233658e-03,-1.4113040215895214e+01,-7.1952678536461208e-03,-1.3497644747316066e-04,0.0000000000000000e+00,-2.2382096176443156e-13,0.0000000000000000e+00,0.0000000000000000e+00,0.0000000000000000e+00,9.8082001534139335e+07,5.1248499999975716e-05,1.3101028609434431e+06,4.7822512970460484e+03,6.8043795125811157e-02,0.0000000000000000e+00,-1.2152875262525091e+05,-7.9418546643122512e-04,7.7190899924665457e+06,5.0852784622787358e+06,
3.7596016252188982e-04,-3.5190733188182166e-02,0.0000000000000000e+00,0.0000000000000000e+00,1.3495062009545455e+06,1.1906747044759845e+03,4.6364002143217074e-12,4.8019068429774707e-06,1.1783698657209442e-11,4.8479683505036818e-12,1.0321406135293045e-10,3.8107995934539557e-05,2.2842487178016906e-11,1.2488054355774067e-13,0.0000000000000000e+00,3.3305011229487651e-04,0.0000000000000000e+00,0.0000000000000000e+00,0.0000000000000000e+00,1.2239906221669560e-06,-3.2852321435315919e-04,3.1145779115579303e-06,1.2844597709670286e-06,2.7879083896096459e-05,-2.3962555762412491e-03,5.0725554713139276e-06,2.5561638677685112e-08,0.0000000000000000e+00,0.0000000000000000e+00,0.0000000000000000e+00,0.0000000000000000e+00,0.0000000000000000e+00,6.0879045167264203e+05,2.1364874999985073e-05,1.1790223916603301e+06,-9.3602292732632890e+01,5.7131704849405773e-04,0.0000000000000000e+00,-2.1850116490946126e+04,-1.1925835911102620e-04,7.7020174117693715e+06,5.0681913104154589e+06,
3.7562401462628848e-04,-6.1338075781916468e-02,0.0000000000000000e+00,0.0000000000000000e+00,1.3475544128278338e+06,1.1902454587741038e+03,2.3093227534429701e-14,4.7976253145514792e-06,4.4797896504608133e-14,2.0403053590142996e-14,1.3508496415743789e-13,3.8074011984628833e-05,6.6209543064497399e-13,1.0014379546358761e-15,0.0000000000000000e+00,3.3275233049367004e-04,0.0000000000000000e+00,0.0000000000000000e+00,0.0000000000000000e+00,1.1982445073587599e-08,-2.5480927024069521e-06,2.8951437078391231e-08,1.2217514383284964e-08,1.2007031100190723e-07,-1.9020027256308122e-05,2.7972536015398888e-07,7.5291922673208651e-10,0.0000000000000000e+00,0.0000000000000000e+00,0.0000000000000000e+00,0.0000000000000000e+00,0.0000000000000000e+00,-1.5496925997884879e+04,2.0717125000013770e-05,1.1775789285181081e+06,-1.6328101179085246e+02,1.1220009863546364e-03,0.0000000000000000e+00,-7.3547431653409431e+03,-5.1763839626636547e-05,7.7018528610999268e+06,5.0680266587920664e+06,
1.8075098152856627e-04,-8.8086586944263452e+00,0.0000000000000000e+00,0.0000000000000000e+00,4.6450017348020046e+05,7.4767592150322298e+02,7.1596725213590033e-20,2.3086288568267510e-06,8.1962580386201232e-20,8.2777228388503644e-21,4.2299225037970480e-19,1.8321306091448228e-05,8.4342758913571448e-18,6.0043177434650926e-22,0.0000000000000000e+00,1.6012104658028227e-04,0.0000000000000000e+00,0.0000000000000000e+00,0.0000000000000000e+00,2.0345408616365058e-16,-1.1608772831905867e-08,3.9441425405595493e-16,3.1451857015198009e-17,4.7110108207177410e-15,-1.8169155979741447e-07,6.5021190203693463e-14,8.2839389504759646e-18,0.0000000000000000e+00,0.0000000000000000e+00,0.0000000000000000e+00,0.0000000000000000e+00,0.0000000000000000e+00,-1.1175709977211578e+04,2.7782749999982759e-05,3.5594358980295924e+05,-4.8733582476215444e+04,2.1240909603400301e-02,0.0000000000000000e+00,-2.3810238232539254e+05,-9.5211136979835400e-04,7.5348286042496879e+06,4.9010023820775179e+06,
1.8076268200835962e-04,-8.8086185638177810e+00,0.0000000000000000e+00,0.0000000000000000e+00,4.6452255977495585e+05,7.4769995252816432e+02,7.1483956542926567e-20,2.3087783003598356e-06,8.1968353359440265e-20,8.2719145680174626e-21,4.2330992679305181e-19,1.8322492077105905e-05,8.4366781391599870e-18,6.0073490449281465e-22,0.0000000000000000e+00,1.6013141163088486e-04,0.0000000000000000e+00,0.0000000000000000e+00,0.0000000000000000e+00,2.0545698065297487e-16,-3.4843183094085579e-15,3.9070966193242351e-16,3.1626161271500357e-17,4.7082661979044898e-15,-6.9686366188171159e-14,6.5014137341621868e-14,8.2913316486963648e-18,0.0000000000000000e+00,-1.1149818590107385e-13,0.0000000000000000e+00,0.0000000000000000e+00,0.0000000000000000e+00,-2.4167165460659834e-04,3.6467375000001634e-05,3.5597807206533127e+05,-4.8730293586872176e+04,8.8557759011520010e-01,0.0000000000000000e+00,-7.7728328845308470e+00,-2.5011243180427894e-08,7.5348367281860514e+06,4.9010105060138833e+06,
1.8070451304636067e-04,-8.8089550766444553e+00,0.0000000000000000e+00,0.0000000000000000e+00,4.6441214257992478e+05,7.4756954641055825e+02,7.1356117974702676e-20,2.3080353414939413e-06,8.1996943832820844e-20,8.2605937954246388e-21,4.2381813950644145e-19,1.8316595946701508e-05,8.4398494542818221e-18,6.0113460335482508e-22,0.0000000000000000e+00,1.6007988175815619e-04,0.0000000000000000e+00,0.0000000000000000e+00,0.0000000000000000e+00,2.0197250197203655e-16,-3.4843191564415052e-15,3.8270718553568751e-16,3.1604228604186347e-17,4.6968572559280200e-15,-8.3623632649541813e-14,6.4691768735375414e-14,8.2695260237592843e-18,0.0000000000000000e+00,0.0000000000000000e+00,0.0000000000000000e+00,0.0000000000000000e+00,0.0000000000000000e+00,-3.5802185958854805e-04,3.6761499999982128e-05,3.5580145319909375e+05,-4.8747842143734801e+04,8.8561224573173880e-01,0.0000000000000000e+00,-3.2498297836321093e+01,-1.0665453007395465e-07,7.5347926435995260e+06,4.9009664214273645e+06,
1.7995018797399066e-04,-8.8135690983033737e+00,0.0000000000000000e+00,0.0000000000000000e+00,4.6301686497608566e+05,7.4589258094710681e+02,7.1236574501555449e-20,2.2984007789882456e-06,8.1990170238361558e-20,8.1752394838514011e-21,4.2340176025973553e-19,1.8240135943959159e-05,8.4220659872362295e-18,6.0053583869414095e-22,0.0000000000000000e+00,1.5941165125103426e-04,0.0000000000000000e+00,0.0000000000000000e+00,0.0000000000000000e+00,1.1767207276772664e-16,-5.2264778876293105e-15,3.5307775181533739e-16,2.5379038904437481e-17,4.5894459181931358e-15,-6.9686362800039370e-14,6.1610027140474850e-14,7.9122451789533642e-18,0.0000000000000000e+00,0.0000000000000000e+00,0.0000000000000000e+00,0.0000000000000000e+00,0.0000000000000000e+00,-4.1380374029503303e-04,3.9364750000006610e-05,3.5352140066463174e+05,-4.8977826572636062e+04,8.8608646269579971e-01,0.0000000000000000e+00,-8.9377948178490624e+02,-2.9297017995924372e-06,7.5342258538182601e+06,4.9003996316460986e+06,
1.7989000641744306e-04,-8.8139291727418581e+00,0.0000000000000000e+00,0.0000000000000000e+00,4.6290583653715253e+05,7.4575848339803076e+02,7.1358425309729875e-20,2.2976321144038577e-06,8.2032058734616951e-20,8.1945448320575626e-21,4.2349612103569263e-19,1.8234035812666684e-05,8.4252265415431153e-18,6.0103218178412231e-22,0.0000000000000000e+00,1.5935833849036352e-04,0.0000000000000000e+00,0.0000000000000000e+00,0.0000000000000000e+00,1.0946875958218393e-16,-3.4843276267709777e-15,3.5272299321388638e-16,1.1356259763432851e-17,4.6008815210716230e-15,-8.3623639425805391e-14,6.1459855912514806e-14,7.9082793054816269e-18,0.0000000000000000e+00,-1.1149818444157492e-13,0.0000000000000000e+00,0.0000000000000000e+00,0.0000000000000000e+00,-1.0049311059031238e-04,3.6751874999990664e-05,3.5333963561433612e+05,-4.8996213565575890e+04,8.8566211674032669e-01,0.0000000000000000e+00,-2.3375080746443320e+01,-7.1093929847476880e-08,7.5341805401963713e+06,4.9003543180242097e+06,
1.8074999999999992e-04,-8.8086704999978007e+00,0.0000000000000000e+00,0.0000000000000000e+00,4.6449824572706252e+05,7.4767244175180122e+02,7.2086022391051847e-20,2.3086163203239847e-06,8.2574786543034561e-20,8.3362935378101805e-21,4.2605810430643089e-19,1.8321206601613204e-05,8.4808803390761397e-18,6.0583973161663071e-22,0.0000000000000000e+00,1.6012017707805367e-04,0.0000000000000000e+00,0.0000000000000000e+00,0.0000000000000000e+00,1.9819611248342022e-16,-3.4843182637992161e-15,3.9513464003835646e-16,3.1266945489396452e-17,4.7437020514935399e-15,-8.3623639425805391e-14,6.5225620470935038e-14,8.3293112308864722e-18,0.0000000000000000e+00,0.0000000000000000e+00,0.0000000000000000e+00,0.0000000000000000e+00,0.0000000000000000e+00,1.4818666724525208e-05,3.9094749999996070e-05,3.5594000034465938e+05,-4.8733999999987856e+04,8.8569963042056166e-01,0.0000000000000000e+00,-4.9930942185455933e+00,-1.6402383348970474e-08,7.5348274278875114e+06,4.9010012057153508e+06,
1.8074999999999992e-04,-8.8086704999978007e+00,0.0000000000000000e+00,0.0000000000000000e+00,4.6449824572706252e+05,7.4767244175180122e+02,7.2086022391051847e-20,2.3086163203239847e-06,8.2574786543034561e-20,8.3362935378101805e-21,4.2606398824561327e-19,1.8321206601613204e-05,8.4808874007490523e-18,6.0586415918683356e-22,0.0000000000000000e+00,1.6012017707805367e-04,0.0000000000000000e+00,0.0000000000000000e+00,0.0000000000000000e+00,1.9819611248342022e-16,-3.4843182637992161e-15,3.9513464003835646e-16,3.1266945489396452e-17,4.7494399811875206e-15,-6.9686365275984321e-14,6.5252698087952948e-14,8.3501916441390722e-18,0.0000000000000000e+00,0.0000000000000000e+00,0.0000000000000000e+00,0.0000000000000000e+00,0.0000000000000000e+00,1.4818666724525208e-05,3.3618499999985008e-05,3.5594000034465938e+05,-4.8733999999987856e+04,8.8570391296451545e-01,0.0000000000000000e+00,0.0000000000000000e+00,0.0000000000000000e+00,7.5348274278875114e+06,4.9010012057153508e+06,
1.8074999999999992e-04,-8.8086704999978007e+00,0.0000000000000000e+00,0.0000000000000000e+00,4.6449824572706252e+05,7.4767244175180122e+02,7.2086022391051847e-20,2.3086163203239847e-06,8.2574786543034561e-20,8.3362935378101805e-21,4.2606398824561327e-19,1.8321206601613204e-05,8.4808874007490523e-18,6.0586415918683356e-22,0.0000000000000000e+00,1.6012017707805367e-04,0.0000000000000000e+00,0.0000000000000000e+00,0.0000000000000000e+00,1.9819611248342022e-16,-3.4843182637992161e-15,3.9513464003835646e-16,3.1266945489396452e-17,4.7494399811875206e-15,-6.9686365275984321e-14,6.5252698087952948e-14,8.3501916441390722e-18,0.0000000000000000e+00,0.0000000000000000e+00,0.0000000000000000e+00,0.0000000000000000e+00,0.0000000000000000e+00,1.4818666724525208e-05,1.9666125000011858e-05,3.5594000034465938e+05,-4.8733999999987856e+04,8.8570391296451545e-01,0.0000000000000000e+00,0.0000000000000000e+00,0.0000000000000000e+00,7.5348274278875114e+06,4.9010012057153508e+06,
1.8074999999999992e-04,-8.8086704999978007e+00,0.0000000000000000e+00,0.0000000000000000e+00,4.6449824572706252e+05,7.4767244175180122e+02,7.2086022391051847e-20,2.3086163203239847e-06,8.2574786543034561e-20,8.3362935378101805e-21,4.2606398824561327e-19,1.8321206601613204e-05,8.4808874007490523e-18,6.0586415918683356e-22,0.0000000000000000e+00,1.6012017707805367e-04,0.0000000000000000e+00,0.0000000000000000e+00,0.0000000000000000e+00,1.9819611248342022e-16,-3.4843182637992161e-15,3.9513464003835646e-16,3.1266945489396452e-17,4.7494399811875206e-15,-6.9686365275984321e-14,6.5252698087952948e-14,8.3501916441390722e-18,0.0000000000000000e+00,0.0000000000000000e+00,0.0000000000000000e+00,0.0000000000000000e+00,0.0000000000000000e+00,1.4818666724525208e-05,1.9491624999992685e-05,3.5594000034465938e+05,-4.8733999999987856e+04,8.8570391296451545e-01,0.0000000000000000e+00,0.0000000000000000e+00,0.0000000000000000e+00,7.5348274278875114e+06,4.9010012057153508e+06,
1.8074999999999992e-04,-8.8086704999978007e+00,0.0000000000000000e+00,0.0000000000000000e+00,4.6449824572706252e+05,7.4767244175180122e+02,7.2086022391051847e-20,2.3086163203239847e-06,8.2574786543034561e-20,8.3362935378101805e-21,4.2606398824561327e-19,1.8321206601613204e-05,8.4808874007490523e-18,6.0586415918683356e-22,0.0000000000000000e+00,1.6012017707805367e-04,0.0000000000000000e+00,0.0000000000000000e+00,0.0000000000000000e+00,1.9819611248342022e-16,-3.4843182637992161e-15,3.9513464003835646e-16,3.1266945489396452e-17,4.7494399811875206e-15,-6.9686365275984321e-14,6.5252698087952948e-14,8.3501916441390722e-18,0.0000000000000000e+00,0.0000000000000000e+00,0.0000000000000000e+00,0.0000000000000000e+00,0.0000000000000000e+00,1.4818666724525208e-05,2.4049375000001483e-05,3.5594000034465938e+05,-4.8733999999987856e+04,8.8570391296451545e-01,0.0000000000000000e+00,0.0000000000000000e+00,0.0000000000000000e+00,7.5348274278875114e+06,4.9010012057153508e+06,
1.8074999999999992e-04,-8.8086704999978007e+00,0.0000000000000000e+00,0.0000000000000000e+00,4.6449824572706252e+05,7.4767244175180122e+02,7.2086022391051847e-20,2.3086163203239847e-06,8.2574786543034561e-20,8.3362935378101805e-21,4.2606398824561327e-19,1.8321206601613204e-05,8.4808874007490523e-18,6.0586415918683356e-22,0.0000000000000000e+00,1.6012017707805367e-04,0.0000000000000000e+00,0.0000000000000000e+00,0.0000000000000000e+00,1.9819611248342022e-16,-3.4843182637992161e-15,3.9513464003835646e-16,3.1266945489396452e-17,4.7494399811875206e-15,-6.9686365275984321e-14,6.5252698087952948e-14,8.3501916441390722e-18,0.0000000000000000e+00,0.0000000000000000e+00,0.0000000000000000e+00,0.0000000000000000e+00,0.0000000000000000e+00,1.4818666724525208e-05,3.6905374999993135e-05,3.5594000034465938e+05,-4.8733999999987856e+04,8.8570391296451545e-01,0.0000000000000000e+00,0.0000000000000000e+00,0.0000000000000000e+00,7.5348274278875114e+06,4.9010012057153508e+06,

16,42
3.1830216465599285e-04,1.9290315110541592e-01,0.0000000000000000e+00,0.0000000000000000e+00,8.5075608082279272e+05,2.3568892860731175e+03,4.2240849654652766e-07,8.0163962089779131e-07,2.0987591315355194e-06,3.4935110743299162e-06,2.3626200497170882e-05,5.9675388792547055e-06,1.1656132107150278e-09,7.1502731545390905e-10,0.0000000000000000e+00,2.8196816843199557e-04,0.0000000000000000e+00,0.0000000000000000e+00,0.0000000000000000e+00,-7.4167744981722761e-03,-3.8478744216950689e-04,-2.2099715337303757e-02,5.0875596405475239e-02,1.2057934552714661e-01,-6.3735139999655077e-02,-7.1710726441028198e-07,-1.7048264822112085e-05,0.0000000000000000e+00,2.2293278334473143e-13,0.0000000000000000e+00,0.0000000000000000e+00,0.0000000000000000e+00,5.1979629951014420e+10,4.6896000000018478e-05,1.7434722059218560e+06,6.0603782356898910e+02,2.3185215951559854e-02,0.0000000000000000e+00,9.2241922745440042e+03,7.3736687048854319e-05,8.0390496499331454e+06,5.5238472410552539e+06,
3.6468239011715751e-04,3.4310916506978466e+00,0.0000000000000000e+00,0.0000000000000000e+00,1.1869937658612428e+06,2.1102708386366239e+03,6.0435917588985948e-07,9.4304240917452628e-07,2.8075512337676613e-06,3.6623838971488396e-06,2.6016506517657891e-05,7.6154397551131037e-06,1.9011457183385330e-09,1.0931267660163559e-09,0.0000000000000000e+00,3.2303011285592125e-04,0.0000000000000000e+00,0.0000000000000000e+00,0.0000000000000000e+00,-1.4538362855157647e-02,-1.5173897899910804e-03,-4.8352683934159743e-02,8.0693473371665020e-02,2.3895651787668659e-01,-1.0369523367720422e-01,-5.5543479325091134e-05,-3.0186398821526103e-05,0.0000000000000000e+00,0.0000000000000000e+00,0.0000000000000000e+00,0.0000000000000000e+00,0.0000000000000000e+00,1.1302716573555997e+11,2.9311874999993215e-05,1.8738267734923216e+06,9.4084379824196549e+03,1.0813988606183428e-01,0.0000000000000000e+00,2.2710245284939756e+04,1.7573982610009890e-04,7.9824785133960648e+06,5.4442764367340058e+06,
5.7650778646823480e-04,1.9013596147124147e+01,0.0000000000000000e+00,0.0000000000000000e+00,3.3209886742553283e+06,1.9606316683830416e+03,1.2191287314872771e-06,7.0019218811074376e-06,4.5965077135352726e-06,4.4067333177745178e-06,3.3089712573730905e-05,5.5646451072870538e-05,1.8112750172734623e-08,2.2091507448217098e-09,0.0000000000000000e+00,5.1075388119050324e-04,0.0000000000000000e+00,0.0000000000000000e+00,0.0000000000000000e+00,5.7601043027685028e-01,-7.3802232289549297e-04,2.3251022168398592e+00,2.0396346422408307e+00,1.2947206229168687e+01,-5.3356797003694112e-03,4.5781974177748772e-03,9.3520943213452239e-04,0.0000000000000000e+00,0.0000000000000000e+00,0.0000000000000000e+00,0.0000000000000000e+00,0.0000000000000000e+00,6.3282265743732434e+11,5.1248499999975716e-05,2.5518840585324401e+06,3.2980640666805259e+04,4.1890990479716123e-01,0.0000000000000000e+00,8.9170766396561579e+04,7.0146601152228148e-04,7.9567043788954364e+06,5.3902952572810212e+06,
3.8172241571487726e-04,3.6495224477872851e-01,0.0000000000000000e+00,0.0000000000000000e+00,1.3883950353151762e+06,1.2000723508593210e+03,3.1009694718150547e-10,4.8743616586559024e-06,7.8709229716926048e-10,3.3632465146269910e-10,7.1060325806264239e-09,3.8683677381665078e-05,1.1383374689303404e-09,5.4862202073417265e-12,0.0000000000000000e+00,3.3815469330439069e-04,0.0000000000000000e+00,0.0000000000000000e+00,0.0000000000000000e+00,8.7807495030420079e-05,-4.5764080779885606e-06,2.2239429647162722e-04,9.7698852387369318e-05,2.0170864475568817e-03,-3.4023821254024200e-05,2.9826193290975826e-04,1.5297662410596165e-06,0.0000000000000000e+00,2.2298829449596269e-13,0.0000000000000000e+00,0.0000000000000000e+00,0.0000000000000000e+00,4.6248675895244390e+07,2.1364874999985073e-05,1.2065377373621610e+06,9.5606710466624781e+02,1.3796500157324284e-02,0.0000000000000000e+00,-4.9793185068447150e+02,-2.8764843092397388e-06,7.7056091242940007e+06,5.0717907896337314e+06,
3.7613809989636926e-04,-2.9139685403839898e-02,0.0000000000000000e+00,0.0000000000000000e+00,1.3509923295988655e+06,1.1911184562594201e+03,2.5826022260442234e-12,4.8041965451412378e-06,6.5572383756015088e-12,2.6961694213606055e-12,5.6493064316937646e-11,3.8126160334792210e-05,1.4222699370117223e-11,8.0500881898195294e-14,0.0000000000000000e+00,3.3320774086423392e-04,0.0000000000000000e+00,0.0000000000000000e+00,0.0000000000000000e+00,6.8260769868884860e-07,-3.4730656579828878e-08,1.7371475840523588e-06,7.1487296968840974e-07,1.5481775390311731e-05,-4.1896931304852281e-07,2.9358972157194087e-06,1.5819113001032573e-08,0.0000000000000000e+00,0.0000000000000000e+00,0.0000000000000000e+00,0.0000000000000000e+00,0.0000000000000000e+00,3.3016338635238452e+05,2.0717125000013770e-05,1.1800200794472715e+06,-7.7470709326888837e+01,2.3656136859760597e-03,0.0000000000000000e+00,3.5644338691083232e+02,2.1744381430213269e-06,7.7021877080531158e+06,5.0683614866958577e+06,
3.6643237996637491e-04,-5.3370328429333103e-01,0.0000000000000000e+00,0.0000000000000000e+00,1.2851148528731980e+06,1.1741981135704941e+03,4.4785569194604638e-15,4.6802310975940311e-06,4.8004463176833759e-15,2.6508925243799268e-15,6.4366330098198124e-15,3.7142369628110879e-05,1.4976477696681410e-13,7.0962804327491023e-17,0.0000000000000000e+00,3.2460977907246773e-04,0.0000000000000000e+00,0.0000000000000000e+00,0.0000000000000000e+00,5.0253092791257205e-09,-1.7421591547042790e-15,7.2000954167843828e-09,3.7063310974182927e-09,1.1596253641579249e-08,-5.5749091256471033e-14,1.6565332442766380e-07,1.1903139199186892e-10,0.0000000000000000e+00,0.0000000000000000e+00,0.0000000000000000e+00,0.0000000000000000e+00,0.0000000000000000e+00,4.9457165882836698e-07,2.7782749999982759e-05,1.1332411569291097e+06,-1.4564850528283157e+03,8.8569430088070222e-01,0.0000000000000000e+00,8.3760011652096491e+00,3.2759297714472550e-08,7.6956819723258801e+06,5.0618557501713522e+06,
1.8076828264473015e-04,-8.8085398149142584e+00,0.0000000000000000e+00,0.0000000000000000e+00,4.6453219425224670e+05,7.4771383325650959e+02,7.1587513671770514e-20,2.3088498340833599e-06,8.1990603148064261e-20,8.2775097313754193e-21,4.2375827955965579e-19,1.8323059769587456e-05,8.4395517594067651e-18,6.0109984843552483e-22,0.0000000000000000e+00,1.6013637304105029e-04,0.0000000000000000e+00,0.0000000000000000e+00,0.0000000000000000e+00,2.0745878421135176e-16,0.0000000000000000e+00,3.9462109854088800e-16,3.1891755570444386e-17,4.7148179169072305e-15,-4.1811819712902695e-14,6.5056598665032370e-14,8.3173785158946635e-18,0.0000000000000000e+00,0.0000000000000000e+00,0.0000000000000000e+00,0.0000000000000000e+00,0.0000000000000000e+00,2.5318639803479617e-04,3.6467375000001634e-05,3.5599559938458004e+05,-4.8728373792254300e+04,8.8562055226237302e-01,0.0000000000000000e+00,5.0256572319582729e+00,1.4730867314733756e-08,7.5348414207305955e+06,4.9010151985584311e+06,
1.8076359303663382e-04,-8.8085947716472059e+00,0.0000000000000000e+00,0.0000000000000000e+00,4.6452378868513508e+05,7.4770244767218844e+02,7.1467074446038298e-20,2.3087899364026567e-06,8.2066289752945243e-20,8.2706938350368487e-21,4.2421082621227024e-19,1.8322584420880351e-05,8.4418391379635573e-18,6.0142599935604035e-22,0.0000000000000000e+00,1.6013221867934178e-04,0.0000000000000000e+00,0.0000000000000000e+00,0.0000000000000000e+00,2.0735703705165904e-16,0.0000000000000000e+00,3.9012149132779539e-16,3.1970042662069504e-17,4.7073320091529736e-15,-4.1811823101034484e-14,6.4993753381073216e-14,8.2949534536532337e-18,0.0000000000000000e+00,0.0000000000000000e+00,0.0000000000000000e+00,0.0000000000000000e+00,0.0000000000000000e+00,-1.0846823513047250e-06,3.6761499999982128e-05,3.5598105410180677e+05,-4.8729916371279716e+04,8.8601535375803897e-01,0.0000000000000000e+00,-1.3594421686565815e+01,-4.3674272906524259e-08,7.5348375716978936e+06,4.9010113495257283e+06,
1.8069400409873935e-04,-8.8090186082760571e+00,0.0000000000000000e+00,0.0000000000000000e+00,4.6439313599386346e+05,7.4754688382602399e+02,7.1346117938971964e-20,2.3079011167194569e-06,8.2153878507791510e-20,8.2593314441817317e-21,4.2446719873150268e-19,1.8315530737293263e-05,8.4436986899076125e-18,6.0169194678400154e-22,0.0000000000000000e+00,1.6007057224471760e-04,0.0000000000000000e+00,0.0000000000000000e+00,0.0000000000000000e+00,2.0093904953761617e-16,0.0000000000000000e+00,3.8160963703030371e-16,4.1001446538130064e-17,4.6953249460400135e-15,-4.1811823101034484e-14,6.4644312503016622e-14,8.2653158340879717e-18,0.0000000000000000e+00,1.1149826721623679e-13,0.0000000000000000e+00,0.0000000000000000e+00,0.0000000000000000e+00,6.5511130264531817e-05,3.9364750000006610e-05,3.5576997591431293e+05,-4.8751028857949335e+04,8.9117755225824147e-01,0.0000000000000000e+00,-3.8680648615933023e+01,-1.2809957004996861e-07,7.5347849825113500e+06,4.9009587603391875e+06,
1.8075612371963189e-04,-8.8086319817264265e+00,0.0000000000000000e+00,0.0000000000000000e+00,4.6450962140140723e+05,7.4768605453765599e+02,7.2093864818734490e-20,2.3086945350907022e-06,8.2583176066829488e-20,8.3376902713824249e-21,4.2605597307327844e-19,1.8321827314932991e-05,8.4811359107866752e-18,6.0581957818611921e-22,0.0000000000000000e+00,1.6012560186959911e-04,0.0000000000000000e+00,0.0000000000000000e+00,0.0000000000000000e+00,1.9906251186231338e-16,-1.7421502608583328e-15,3.9619068609730908e-16,3.1465673225871655e-17,4.7507325980304645e-15,-5.5749133608118395e-14,6.5282163586745422e-14,8.3532674479786614e-18,0.0000000000000000e+00,0.0000000000000000e+00,0.0000000000000000e+00,0.0000000000000000e+00,0.0000000000000000e+00,4.9775478610347636e-04,3.6751874999990664e-05,3.5595854019197857e+05,-4.8732135877118963e+04,8.9159082170216053e-01,0.0000000000000000e+00,9.1249445433317067e+02,2.9950245662476124e-06,7.5348320298210997e+06,4.9010058076489391e+06,
1.8075062743743686e-04,-8.8086665539505233e+00,0.0000000000000000e+00,0.0000000000000000e+00,4.6449941189002880e+05,7.4767383653103127e+02,7.2086951965515724e-20,2.3086243342233331e-06,8.2576252227409662e-20,8.3364336820800685e-21,4.2606398824561327e-19,1.8321270200013822e-05,8.4808874007490523e-18,6.0586415918683356e-22,0.0000000000000000e+00,1.6012073290319064e-04,0.0000000000000000e+00,0.0000000000000000e+00,0.0000000000000000e+00,1.9879629163720949e-16,-3.4843180976503211e-15,3.9608681060277688e-16,3.1376932806162133e-17,4.7494399811875206e-15,-6.9686365275984321e-14,6.5252698087952948e-14,8.3501916441390722e-18,0.0000000000000000e+00,0.0000000000000000e+00,0.0000000000000000e+00,0.0000000000000000e+00,0.0000000000000000e+00,7.4172119795373593e-05,3.9094749999996070e-05,3.5594189992571704e+05,-4.8733808998806730e+04,8.8570391296451545e-01,0.0000000000000000e+00,0.0000000000000000e+00,0.0000000000000000e+00,7.5348278994054105e+06,4.9010016772332517e+06,
1.8074999999999992e-04,-8.8086704999978007e+00,0.0000000000000000e+00,0.0000000000000000e+00,4.6449824572706252e+05,7.4767244175180122e+02,7.2086022391051847e-20,2.3086163203239847e-06,8.2574786543034561e-20,8.3362935378101805e-21,4.2606398824561327e-19,1.8321206601613204e-05,8.4808874007490523e-18,6.0586415918683356e-22,0.0000000000000000e+00,1.6012017707805367e-04,0.0000000000000000e+00,0.0000000000000000e+00,0.0000000000000000e+00,1.9819611248342022e-16,-3.4843182637992161e-15,3.9513464003835646e-16,3.1266945489396452e-17,4.7494399811875206e-15,-6.9686365275984321e-14,6.5252698087952948e-14,8.3501916441390722e-18,0.0000000000000000e+00,0.0000000000000000e+00,0.0000000000000000e+00,0.0000000000000000e+00,0.0000000000000000e+00,1.4818666724525208e-05,3.3618499999985008e-05,3.5594000034465938e+05,-4.8733999999987856e+04,8.8570391296451545e-01,0.0000000000000000e+00,0.0000000000000000e+00,0.0000000000000000e+00,7.5348274278875114e+06,4.9010012057153508e+06,
1.8074999999999992e-04,-8.8086704999978007e+00,0.0000000000000000e+00,0.0000000000000000e+00,4.6449824572706252e+05,7.4767244175180122e+02,7.2086022391051847e-20,2.3086163203239847e-06,8.2574786543034561e-20,8.3362935378101805e-21,4.2606398824561327e-19,1.8321206601613204e-05,8.4808874007490523e-18,6.0586415918683356e-22,0.0000000000000000e+00,1.6012017707805367e-04,0.0000000000000000e+00,0.0000000000000000e+00,0.0000000000000000e+00,1.9819611248342022e-16,-3.4843182637992161e-15,3.9513464003835646e-16,3.1266945489396452e-17,4.7494399811875206e-15,-6.9686365275984321e-14,6.5252698087952948e-14,8.3501916441390722e-18,0.0000000000000000e+00,0.0000000000000000e+00,0.0000000000000000e+00,0.0000000000000000e+00,0.0000000000000000e+00,1.4818666724525208e-05,1.9666125000011858e-05,3.5594000034465938e+05,-4.8733999999987856e+04,8.8570391296451545e-01,0.0000000000000000e+00,0.0000000000000000e+00,0.0000000000000000e+00,7.5348274278875114e+06,4.9010012057153508e+06,
1.8074999999999992e-04,-8.8086704999978007e+00,0.0000000000000000e+00,0.0000000000000000e+00,4.6449824572706252e+05,7.4767244175180122e+02,7.2086022391051847e-20,2.3086163203239847e-06,8.2574786543034561e-20,8.3362935378101805e-21,4.2606398824561327e-19,1.8321206601613204e-05,8.4808874007490523e-18,6.0586415918683356e-22,0.0000000000000000e+00,1.6012017707805367e-04,0.0000000000000000e+00,0.0000000000000000e+00,0.0000000000000000e+00,1.9819611248342022e-16,-3.4843182637992161e-15,3.9513464003835646e-16,3.1266945489396452e-17,4.7494399811875206e-15,-6.9686365275984321e-14,6.5252698087952948e-14,8.3501916441390722e-18,0.0000000000000000e+00,0.0000000000000000e+00,0.0000000000000000e+00,0.0000000000000000e+00,0.0000000000000000e+00,1.4818666724525208e-05,1.9491624999992685e-05,3.5594000034465938e+05,-4.8733999999987856e+04,8.8570391296451545e-01,0.0000000000000000e+00,0.0000000000000000e+00,0.0000000000000000e+00,7.5348274278875114e+06,4.9010012057153508e+06,
1.8074999999999992e-04,-8.8086704999978007e+00,0.0000000000000000e+00,0.0000000000000000e+00,4.6449824572706252e+05,7.4767244175180122e+02,7.2086022391051847e-20,2.3086163203239847e-06,8.2574786543034561e-20,8.3362935378101805e-21,4.2606398824561327e-19,1.8321206601613204e-05,8.4808874007490523e-18,6.0586415918683356e-22,0.0000000000000000e+00,1.6012017707805367e-04,0.0000000000000000e+00,0.0000000000000000e+00,0.0000000000000000e+00,1.9819611248342022e-16,-3.4843182637992161e-15,3.9513464003835646e-16,3.1266945489396452e-17,4.7494399811875206e-15,-6.9686365275984321e-14,6.5252698087952948e-14,8.3501916441390722e-18,0.0000000000000000e+00,0.0000000000000000e+00,0.0000000000000000e+00,0.0000000000000000e+00,0.0000000000000000e+00,1.4818666724525208e-05,2.4049375000001483e-05,3.5594000034465938e+05,-4.8733999999987856e+04,8.8570391296451545e-01,0.0000000000000000e+00,0.0000000000000000e+00,0.0000000000000000e+00,7.5348274278875114e+06,4.9010012057153508e+06,
1.8074999999999992e-04,-8.8086704999978007e+00,0.0000000000000000e+00,0.0000000000000000e+00,4.6449824572706252e+05,7.4767244175180122e+02,7.2086022391051847e-20,2.3086163203239847e-06,8.2574786543034561e-20,8.3362935378101805e-21,4.2606398824561327e-19,1.8321206601613204e-05,8.4808874007490523e-18,6.0586415918683356e-22,0.0000000000000000e+00,1.6012017707805367e-04,0.0000000000000000e+00,0.0000000000000000e+00,0.0000000000000000e+00,1.9819611248342022e-16,-3.4843182637992161e-15,3.9513464003835646e-16,3.1266945489396452e-17,4.7494399811875206e-15,-6.9686365275984321e-14,6.5252698087952948e-14,8.3501916441390722e-18,0.0000000000000000e+00,0.0000000000000000e+00,0.0000000000000000e+00,0.0000000000000000e+00,0.0000000000000000e+00,1.4818666724525208e-05,3.6905374999993135e-05,3.5594000034465938e+05,-4.8733999999987856e+04,8.8570391296451545e-01,0.0000000000000000e+00,0.0000000000000000e+00,0.0000000000000000e+00,7.5348274278875114e+06,4.9010012057153508e+06,

