1
1
28
0
(2 0
((0) (63) (0))
((64) (127) (0))
)
2
FabOnDisk: Cell_D_00000 0
FabOnDisk: Cell_D_00000 14412

2,28
3.6949923692462182e-04,-1.6128076528753241e-02,0.0000000000000000e+00,0.0000000000000000e+00,1.3502766135168762e+06,1.1878821348820131e+03,0.0000000000000000e+00,4.7194023165233118e-06,0.0000000000000000e+00,0.0000000000000000e+00,0.0000000000000000e+00,3.7453232967289857e-05,0.0000000000000000e+00,0.0000000000000000e+00,0.0000000000000000e+00,3.2732660164080864e-04,0.0000000000000000e+00,0.0000000000000000e+00,0.0000000000000000e+00,2.8057812500002777e-06,1.1814585717371367e+06,-4.3648470462317583e+01,4.5931192836554543e-06,0.0000000000000000e+00,-2.3929115818782580e+02,-2.7943402396698031e-05,7.7009459792952845e+06,5.0671197571230726e+06,
1.7995824339064266e-04,-8.8133581273379829e+00,0.0000000000000000e+00,0.0000000000000000e+00,4.6304750178410596e+05,7.4593760229994245e+02,0.0000000000000000e+00,2.2985036662160142e-06,0.0000000000000000e+00,0.0000000000000000e+00,0.0000000000000000e+00,1.8240952458229167e-05,0.0000000000000000e+00,0.0000000000000000e+00,0.0000000000000000e+00,1.5941878726619747e-04,0.0000000000000000e+00,0.0000000000000000e+00,0.0000000000000000e+00,2.7120156249997585e-06,3.5356575178744248e+05,-4.8972929071018174e+04,3.3188186916079952e-06,0.0000000000000000e+00,-2.2248866067656645e+05,-8.4298704998951243e-04,7.5342410675333776e+06,4.9004148453611666e+06,

2,28
3.7766367721384401e-04,1.8110693263366550e-03,0.0000000000000000e+00,0.0000000000000000e+00,1.3722697181291627e+06,1.2151911978842716e+03,0.0000000000000000e+00,4.8236820404403938e-06,0.0000000000000000e+00,0.0000000000000000e+00,0.0000000000000000e+00,3.8280798097721028e-05,0.0000000000000000e+00,0.0000000000000000e+00,0.0000000000000000e+00,3.3455919707568260e-04,0.0000000000000000e+00,0.0000000000000000e+00,0.0000000000000000e+00,2.8057812500002777e-06,1.1826201599960793e+06,4.8083883333174544e+00,6.2605783469312512e-04,0.0000000000000000e+00,2.0841661038302138e+02,4.0953696559289814e-05,7.7113853204665976e+06,5.0775590982943857e+06,
3.7658078600999115e-04,1.7107645459773220e-03,0.0000000000000000e+00,0.0000000000000000e+00,1.3531493672234069e+06,1.1915267890149416e+03,0.0000000000000000e+00,4.8098508907510275e-06,0.0000000000000000e+00,0.0000000000000000e+00,0.0000000000000000e+00,3.8171033929129808e-05,0.0000000000000000e+00,0.0000000000000000e+00,0.0000000000000000e+00,3.3359990119011029e-04,0.0000000000000000e+00,0.0000000000000000e+00,0.0000000000000000e+00,2.7120156249997585e-06,1.1816669595003845e+06,4.5438640605432505e+00,8.9105313856258928e-01,0.0000000000000000e+00,7.6398646706909255e+02,2.4942311921296971e-06,7.7023442888202891e+06,5.0685180666480791e+06,

