HyperCLaw-V1.1
7
Xmom
Ymom
Zmom
Energy
Density
pressure
temperature
1
1.8
0
0 
10 

((0) (8911) (0)) 
25726 
0.00112208258527828 
0
0
0 279 1.8
25726
0 0.0359066427289048
0.0359066427289048 0.0718132854578097
0.0718132854578097 0.107719928186715
0.107719928186715 0.143626570915619
0.143626570915619 0.179533213644524
0.179533213644524 0.215439856373429
0.215439856373429 0.251346499102334
0.251346499102334 0.287253141831239
0.287253141831239 0.323159784560144
0.323159784560144 0.359066427289048
0.359066427289048 0.394973070017953
0.394973070017953 0.430879712746858
0.430879712746858 0.466786355475763
0.466786355475763 0.502692998204668
0.502692998204668 0.538599640933573
0.538599640933573 0.574506283662478
0.574506283662478 0.610412926391382
0.610412926391382 0.646319569120287
0.646319569120287 0.682226211849192
0.682226211849192 0.718132854578097
0.718132854578097 0.754039497307002
0.754039497307002 0.789946140035907
0.789946140035907 0.825852782764812
0.825852782764812 0.861759425493716
0.861759425493716 0.897666068222621
0.897666068222621 0.933572710951526
0.933572710951526 0.969479353680431
0.969479353680431 1.00538599640934
1.00538599640934 1.04129263913824
1.04129263913824 1.07719928186715
1.07719928186715 1.11310592459605
1.11310592459605 1.14901256732496
1.14901256732496 1.18491921005386
1.18491921005386 1.22082585278276
1.22082585278276 1.25673249551167
1.25673249551167 1.29263913824057
1.29263913824057 1.32854578096948
1.32854578096948 1.36445242369838
1.36445242369838 1.40035906642729
1.40035906642729 1.43626570915619
1.43626570915619 1.4721723518851
1.4721723518851 1.508078994614
1.508078994614 1.54398563734291
1.54398563734291 1.57989228007181
1.57989228007181 1.61579892280072
1.61579892280072 1.65170556552962
1.65170556552962 1.68761220825853
1.68761220825853 1.72351885098743
1.72351885098743 1.75942549371634
1.75942549371634 1.79533213644524
1.79533213644524 1.83123877917415
1.83123877917415 1.86714542190305
1.86714542190305 1.90305206463196
1.90305206463196 1.93895870736086
1.93895870736086 1.97486535008977
1.97486535008977 2.01077199281867
2.01077199281867 2.04667863554758
2.04667863554758 2.08258527827648
2.08258527827648 2.11849192100539
2.11849192100539 2.15439856373429
2.15439856373429 2.1903052064632
2.1903052064632 2.2262118491921
2.2262118491921 2.26211849192101
2.26211849192101 2.29802513464991
2.29802513464991 2.33393177737882
2.33393177737882 2.36983842010772
2.36983842010772 2.40574506283662
2.40574506283662 2.44165170556553
2.44165170556553 2.47755834829443
2.47755834829443 2.51346499102334
2.51346499102334 2.54937163375224
2.54937163375224 2.58527827648115
2.58527827648115 2.62118491921005
2.62118491921005 2.65709156193896
2.65709156193896 2.69299820466786
2.69299820466786 2.72890484739677
2.72890484739677 2.76481149012567
2.76481149012567 2.80071813285458
2.80071813285458 2.83662477558348
2.83662477558348 2.87253141831239
2.87253141831239 2.90843806104129
2.90843806104129 2.9443447037702
2.9443447037702 2.9802513464991
2.9802513464991 3.01615798922801
3.01615798922801 3.05206463195691
3.05206463195691 3.08797127468582
3.08797127468582 3.12387791741472
3.12387791741472 3.15978456014363
3.15978456014363 3.19569120287253
3.19569120287253 3.23159784560144
3.23159784560144 3.26750448833034
3.26750448833034 3.30341113105925
3.30341113105925 3.33931777378815
3.33931777378815 3.37522441651706
3.37522441651706 3.41113105924596
3.41113105924596 3.44703770197487
3.44703770197487 3.48294434470377
3.48294434470377 3.51885098743268
3.51885098743268 3.55475763016158
3.55475763016158 3.59066427289048
3.59066427289048 3.62657091561939
3.62657091561939 3.66247755834829
3.66247755834829 3.6983842010772
3.6983842010772 3.7342908438061
3.7342908438061 3.77019748653501
3.77019748653501 3.80610412926391
3.80610412926391 3.84201077199282
3.84201077199282 3.87791741472172
3.87791741472172 3.91382405745063
3.91382405745063 3.94973070017953
3.94973070017953 3.98563734290844
3.98563734290844 4.02154398563734
4.02154398563734 4.05745062836625
4.05745062836625 4.09335727109515
4.09335727109515 4.12926391382406
4.12926391382406 4.16517055655296
4.16517055655296 4.20107719928187
4.20107719928187 4.23698384201077
4.23698384201077 4.27289048473968
4.27289048473968 4.30879712746858
4.30879712746858 4.34470377019749
4.34470377019749 4.38061041292639
4.38061041292639 4.4165170556553
4.4165170556553 4.4524236983842
4.4524236983842 4.48833034111311
4.48833034111311 4.52423698384201
4.52423698384201 4.56014362657092
4.56014362657092 4.59605026929982
4.59605026929982 4.63195691202873
4.63195691202873 4.66786355475763
4.66786355475763 4.70377019748654
4.70377019748654 4.73967684021544
4.73967684021544 4.77558348294435
4.77558348294435 4.81149012567325
4.81149012567325 4.84739676840215
4.84739676840215 4.88330341113106
4.88330341113106 4.91921005385996
4.91921005385996 4.95511669658887
4.95511669658887 4.99102333931777
4.99102333931777 5.02692998204668
5.02692998204668 5.06283662477558
5.06283662477558 5.09874326750449
5.09874326750449 5.13464991023339
5.13464991023339 5.1705565529623
5.1705565529623 5.2064631956912
5.2064631956912 5.24236983842011
5.24236983842011 5.27827648114901
5.27827648114901 5.31418312387792
5.31418312387792 5.35008976660682
5.35008976660682 5.38599640933573
5.38599640933573 5.42190305206463
5.42190305206463 5.45780969479354
5.45780969479354 5.49371633752244
5.49371633752244 5.52962298025135
5.52962298025135 5.56552962298025
5.56552962298025 5.60143626570916
5.60143626570916 5.63734290843806
5.63734290843806 5.67324955116697
5.67324955116697 5.70915619389587
5.70915619389587 5.74506283662478
5.74506283662478 5.78096947935368
5.78096947935368 5.81687612208259
5.81687612208259 5.85278276481149
5.85278276481149 5.8886894075404
5.8886894075404 5.9245960502693
5.9245960502693 5.9605026929982
5.9605026929982 5.99640933572711
5.99640933572711 6.03231597845601
6.03231597845601 6.06822262118492
6.06822262118492 6.10412926391382
6.10412926391382 6.14003590664273
6.14003590664273 6.17594254937163
6.17594254937163 6.21184919210054
6.21184919210054 6.24775583482944
6.24775583482944 6.28366247755835
6.28366247755835 6.31956912028725
6.31956912028725 6.35547576301616
6.35547576301616 6.39138240574506
6.39138240574506 6.42728904847397
6.42728904847397 6.46319569120287
6.46319569120287 6.49910233393178
6.49910233393178 6.53500897666068
6.53500897666068 6.57091561938959
6.57091561938959 6.60682226211849
6.60682226211849 6.6427289048474
6.6427289048474 6.6786355475763
6.6786355475763 6.71454219030521
6.71454219030521 6.75044883303411
6.75044883303411 6.78635547576302
6.78635547576302 6.82226211849192
6.82226211849192 6.85816876122083
6.85816876122083 6.89407540394973
6.89407540394973 6.92998204667864
6.92998204667864 6.96588868940754
6.96588868940754 7.00179533213645
7.00179533213645 7.03770197486535
7.03770197486535 7.07360861759425
7.07360861759425 7.10951526032316
7.10951526032316 7.14542190305206
7.14542190305206 7.18132854578097
7.18132854578097 7.21723518850987
7.21723518850987 7.25314183123878
7.25314183123878 7.28904847396768
7.28904847396768 7.32495511669659
7.32495511669659 7.36086175942549
7.36086175942549 7.3967684021544
7.3967684021544 7.4326750448833
7.4326750448833 7.46858168761221
7.46858168761221 7.50448833034111
7.50448833034111 7.54039497307002
7.54039497307002 7.57630161579892
7.57630161579892 7.61220825852783
7.61220825852783 7.64811490125673
7.64811490125673 7.68402154398564
7.68402154398564 7.71992818671454
7.71992818671454 7.75583482944345
7.75583482944345 7.79174147217235
7.79174147217235 7.82764811490126
7.82764811490126 7.86355475763016
7.86355475763016 7.89946140035907
7.89946140035907 7.93536804308797
7.93536804308797 7.97127468581688
7.97127468581688 8.00718132854578
8.00718132854578 8.04308797127469
8.04308797127469 8.07899461400359
8.07899461400359 8.1149012567325
8.1149012567325 8.1508078994614
8.1508078994614 8.18671454219031
8.18671454219031 8.22262118491921
8.22262118491921 8.25852782764811
8.25852782764811 8.29443447037702
8.29443447037702 8.33034111310593
8.33034111310593 8.36624775583483
8.36624775583483 8.40215439856373
8.40215439856373 8.43806104129264
8.43806104129264 8.47396768402154
8.47396768402154 8.50987432675045
8.50987432675045 8.54578096947935
8.54578096947935 8.58168761220826
8.58168761220826 8.61759425493716
8.61759425493716 8.65350089766607
8.65350089766607 8.68940754039497
8.68940754039497 8.72531418312388
8.72531418312388 8.76122082585278
8.76122082585278 8.79712746858169
8.79712746858169 8.83303411131059
8.83303411131059 8.8689407540395
8.8689407540395 8.9048473967684
8.9048473967684 8.94075403949731
8.94075403949731 8.97666068222621
8.97666068222621 9.01256732495512
9.01256732495512 9.04847396768402
9.04847396768402 9.08438061041293
9.08438061041293 9.12028725314183
9.12028725314183 9.15619389587074
9.15619389587074 9.19210053859964
9.19210053859964 9.22800718132855
9.22800718132855 9.26391382405745
9.26391382405745 9.29982046678636
9.29982046678636 9.33572710951526
9.33572710951526 9.37163375224416
9.37163375224416 9.40754039497307
9.40754039497307 9.44344703770198
9.44344703770198 9.47935368043088
9.47935368043088 9.51526032315978
9.51526032315978 9.55116696588869
9.55116696588869 9.58707360861759
9.58707360861759 9.6229802513465
9.6229802513465 9.6588868940754
9.6588868940754 9.69479353680431
9.69479353680431 9.73070017953321
9.73070017953321 9.76660682226212
9.76660682226212 9.80251346499102
9.80251346499102 9.83842010771993
9.83842010771993 9.87432675044883
9.87432675044883 9.91023339317774
9.91023339317774 9.94614003590664
9.94614003590664 9.98204667863555
9.98204667863555 10
Level_0/Cell
