-2.004981320049813, 0.9649122807017543
-1.706102117061021, 0.9649122807017543
-1.357409713574097, 0.9649122807017543
-0.9987546699875463, 0.9473684210526315
-0.7397260273972601, 0.8912280701754385
-0.5006226650062269, 0.7684210526315789
-0.2714819427148192, 0.5789473684210524
-0.09215442092154413, 0.39649122807017523
0.07721046077210492, 0.24561403508771895
0.25653798256537996, 0.1052631578947365
0.535491905354919, -0.007017543859649589
0.8841843088418431, -0.031578947368421595
1.3225404732254047, -0.031578947368421595
1.731008717310087, -0.031578947368421595
2, -0.031578947368421595