-2.0148423005565883, 0.03655172413793106
-1.7031539888682756, 0.04689655172413794
-1.4582560296846028, 0.05965517241379312
-0.9536178107606688, 0.09586206896551724
-0.7235621521335815, 0.11482758620689656
-0.4786641929499087, 0.12931034482758622
-0.17439703153988795, 0.13655172413793104
0.12987012987013102, 0.12862068965517243
0.35250463821892275, 0.11344827586206899
0.7606679035250465, 0.07620689655172415
1.005565862708723, 0.05931034482758624
1.3024118738404482, 0.04344827586206901
1.6215213358070546, 0.032413793103448274
2.0074211502782955, 0.023103448275862082
