-2.0000000000000018, 0.04290048543689312
-1.7625231910946226, 0.05309466019417475
-1.5027829313543606, 0.0679611650485436
-1.280148423005567, 0.08410194174757274
-1.079777365491652, 0.10151699029126204
-0.8942486085343226, 0.11935679611650479
-0.7087198515769924, 0.1371966019417475
-0.5231910946196638, 0.15333737864077662
-0.3228200371057479, 0.16480582524271836
-0.018552875695732496, 0.16608009708737864
0.204081632653061, 0.15248786407766984
0.3821892393320976, 0.1342233009708737
0.5157699443413737, 0.11935679611650479
0.6716141001855309, 0.10279126213592227
0.8348794063079783, 0.08452669902912618
1.0352504638218925, 0.06923543689320388
1.2356215213358084, 0.05649271844660181
1.4434137291280162, 0.04629854368932024
1.7105751391465684, 0.036104368932038666
1.992578849721708, 0.028033980582524154
