1
1
28
0
(2 0
((0) (63) (0))
((64) (127) (0))
)
2
FabOnDisk: Cell_D_00000 0
FabOnDisk: Cell_D_00000 14412

2,28
1.8070442909702339e-04,-8.8089554774404579e+00,0.0000000000000000e+00,0.0000000000000000e+00,4.6441196867807512e+05,7.4756934634607671e+02,0.0000000000000000e+00,2.3080342692574708e-06,0.0000000000000000e+00,0.0000000000000000e+00,0.0000000000000000e+00,1.8316587437425735e-05,0.0000000000000000e+00,0.0000000000000000e+00,0.0000000000000000e+00,1.6007980739034017e-04,0.0000000000000000e+00,0.0000000000000000e+00,0.0000000000000000e+00,2.7906718750008580e-06,3.5580119268601597e+05,-4.8747867008344190e+04,1.2999467721067221e-05,0.0000000000000000e+00,-2.4084315043291604e+05,-9.5434120648948582e-04,7.5347925759675745e+06,4.9009663537953654e+06,
1.7988999889396835e-04,-8.8139284447858177e+00,0.0000000000000000e+00,0.0000000000000000e+00,4.6290578652490029e+05,7.4575846859850571e+02,0.0000000000000000e+00,2.2976320183112022e-06,0.0000000000000000e+00,0.0000000000000000e+00,0.0000000000000000e+00,1.8234035050079828e-05,0.0000000000000000e+00,0.0000000000000000e+00,0.0000000000000000e+00,1.5935833182557731e-04,0.0000000000000000e+00,0.0000000000000000e+00,0.0000000000000000e+00,2.7001406249999374e-06,3.5333961382474669e+05,-4.8996211568053688e+04,8.8566211674187911e-01,0.0000000000000000e+00,-8.9415932817780413e+02,-2.9309461555369668e-06,7.5341805351955025e+06,4.9003543130232934e+06,

2,28
3.7767388401576454e-04,4.0355245160470779e-03,0.0000000000000000e+00,0.0000000000000000e+00,1.3722751531373258e+06,1.2152077638546659e+03,0.0000000000000000e+00,4.8238124060807279e-06,0.0000000000000000e+00,0.0000000000000000e+00,0.0000000000000000e+00,3.8281832680994727e-05,0.0000000000000000e+00,0.0000000000000000e+00,0.0000000000000000e+00,3.3456823892868910e-04,0.0000000000000000e+00,0.0000000000000000e+00,0.0000000000000000e+00,2.7906718750008580e-06,1.1826143153980370e+06,1.0701707872825557e+01,8.8601592210498392e-01,0.0000000000000000e+00,4.5614187088765038e+02,4.1147931274272458e-05,7.7113916264450997e+06,5.0775654042728897e+06,
1.8075612371962609e-04,-8.8086319817418541e+00,0.0000000000000000e+00,0.0000000000000000e+00,4.6450962140399893e+05,7.4768605453768362e+02,0.0000000000000000e+00,2.3086945350910177e-06,0.0000000000000000e+00,0.0000000000000000e+00,0.0000000000000000e+00,1.8321827314941065e-05,0.0000000000000000e+00,0.0000000000000000e+00,0.0000000000000000e+00,1.6012560186959402e-04,0.0000000000000000e+00,0.0000000000000000e+00,0.0000000000000000e+00,2.7001406249999374e-06,3.5595854019198701e+05,-4.8732135877205874e+04,8.9159079404070152e-01,0.0000000000000000e+00,9.1084280361386482e+02,2.9897216143835261e-06,7.5348320298211565e+06,4.9010058076489456e+06,

