x, T (t=160), p (t=160), rho (t=160), T (t=230), p (t=230), rho (t=230)
0.000 2347.800 177239.610 0.305 2716.039 198121.788 0.300
0.005 2275.020 175459.164 0.308 2695.041 197458.667 0.294
0.010 2193.844 176161.260 0.318 2683.129 193994.662 0.293
0.015 2119.972 182928.207 0.342 2688.263 196398.564 0.295
0.020 2016.524 197738.636 0.378 2669.159 193734.341 0.298
0.025 1838.915 268543.716 0.538 2607.210 193067.186 0.300
0.030 1198.956 119108.405 0.381 2608.407 193603.370 0.301
0.035 1198.384 119098.510 0.379 2587.015 193486.083 0.301
0.040 744.057 35441.885 0.180 2566.736 191409.435 0.303
0.045 744.057 35690.420 0.180 2555.663 192062.857 0.304
0.050 744.057 35690.420 0.180 2555.018 192099.322 0.304
0.055 744.057 35690.420 0.180 2546.679 192218.560 0.306
0.060 744.057 35690.420 0.180 2730.378 192300.938 0.282
0.065 744.057 35690.420 0.180 2687.209 195080.490 0.287
0.070 744.057 35690.420 0.180 2640.586 196655.996 0.294
0.075 744.057 35690.420 0.180 2608.793 200364.158 0.305
0.080 744.057 35690.420 0.180 2576.522 206315.934 0.318
0.085 744.057 35690.420 0.180 2540.282 214027.933 0.336
0.090 744.057 35690.420 0.180 2491.887 228271.749 0.357
0.095 744.057 35690.420 0.180 2381.384 247899.770 0.404
0.100 744.057 35690.420 0.180 1328.036 292833.239 0.538
0.105 744.057 35690.420 0.180 749.917 35024.785 0.181
0.110 744.057 35690.420 0.180 749.917 35024.785 0.181
0.115 744.057 35690.420 0.180 749.917 35024.785 0.181
0.120 744.057 35690.420 0.180 749.917 35024.785 0.181
