-2, 0.962962962962963
-1.7121951219512193, 0.9594356261022928
-1.3512195121951216, 0.9594356261022927
-1.0097560975609754, 0.9453262786596119
-0.7414634146341461, 0.890652557319224
-0.48292682926829267, 0.7513227513227514
-0.24390243902439002, 0.5449735449735451
-0.06341463414634108, 0.36684303350970004
0.09756097560975663, 0.2186948853615518
0.3853658536585369, 0.04761904761904745
0.7365853658536592, -0.021164021164021385
1.1463414634146343, -0.031746031746031855
1.6780487804878046, -0.031746031746031855
2, -0.031746031746031855