-1.9950248756218913, 0.9625668449197862
-1.7064676616915433, 0.9625668449197862
-1.3482587064676617, 0.9625668449197862
-1.0099502487562209, 0.9465240641711231
-0.7462686567164196, 0.8912655971479502
-0.48258706467661483, 0.7504456327985741
-0.2437810945273604, 0.5436720142602497
-0.06467661691542226, 0.3654188948306597
0.09950248756219437, 0.21568627450980415
0.29850746268656714, 0.07308377896613227
0.6368159203980142, -0.0231729055258465
1.0497512437810972, -0.03208556149732611
1.507462686567166, -0.035650623885917776
2.0000000000000018, -0.035650623885917776
