-2, 0.9591474245115452
-1.7080291970802923, 0.9573712255772646
-1.3527980535279802, 0.9591474245115452
-1.007299270072993, 0.9449378330373001
-0.7445255474452575, 0.8880994671403196
-0.5158150851581524, 0.7797513321492007
-0.2968369829683706, 0.6092362344582593
-0.11678832116788485, 0.433392539964476
0.04379562043795815, 0.27353463587921834
0.21897810218978364, 0.13143872113676724
0.47688564476885453, 0.02131438721136769
0.7980535279805281, -0.02486678507992912
1.201946472019463, -0.02841918294849033
1.673965936739659, -0.02841918294849033
1.995133819951338, -0.02841918294849033