-1.992565055762081, 0.04289969592521736
-1.7546468401486983, 0.053068606308874944
-1.5018587360594786, 0.0683330250478219
-1.2862453531598517, 0.08445090590825421
-1.078066914498141, 0.10141909084346906
-0.8921933085501834, 0.11923915887681807
-0.7063197026022259, 0.13663446962861364
-0.5278810408921917, 0.1531810553289782
-0.31970260223048186, 0.1650521528855523
-0.022304832713752276, 0.16587008698162908
0.20817843866171337, 0.152253379109972
0.38661710037174934, 0.13396986772295788
0.520446096654279, 0.1186643943768721
0.6765799256505574, 0.1025070379326522
0.8401486988847608, 0.08422510556898943
1.0483271375464707, 0.06891173710614618
1.2416356877323427, 0.05572373407442133
1.457249070631974, 0.045931420760096264
1.7100371747211902, 0.0357104026058393
1.7100371747211902, 0.0357104026058393
2.0148698884758396, 0.027607644277619026
