1
1
42
0
(16 0
((0) (7) (0))
((8) (15) (0))
((16) (23) (0))
((24) (31) (0))
((32) (39) (0))
((40) (47) (0))
((48) (55) (0))
((56) (63) (0))
((64) (71) (0))
((72) (79) (0))
((80) (87) (0))
((88) (95) (0))
((96) (103) (0))
((104) (111) (0))
((112) (119) (0))
((120) (127) (0))
)
16
FabOnDisk: Cell_D_00000 0
FabOnDisk: Cell_D_00001 0
FabOnDisk: Cell_D_00002 0
FabOnDisk: Cell_D_00003 0
FabOnDisk: Cell_D_00004 0
FabOnDisk: Cell_D_00005 0
FabOnDisk: Cell_D_00006 0
FabOnDisk: Cell_D_00007 0
FabOnDisk: Cell_D_00008 0
FabOnDisk: Cell_D_00009 0
FabOnDisk: Cell_D_00010 0
FabOnDisk: Cell_D_00011 0
FabOnDisk: Cell_D_00012 0
FabOnDisk: Cell_D_00013 0
FabOnDisk: Cell_D_00014 0
FabOnDisk: Cell_D_00015 0

16,42
3.0444512483926781e-04,-2.4685216718701983e-01,0.0000000000000000e+00,0.0000000000000000e+00,8.1846679775978706e+05,2.8132108406529460e+03,1.5050413246522245e-07,6.3670767131966193e-07,9.4701014323577633e-07,3.7668564531657760e-06,2.5649846378361749e-05,3.4970465658348733e-06,1.5173399209081969e-09,1.4201589059567048e-10,0.0000000000000000e+00,2.6969848499546042e-04,0.0000000000000000e+00,0.0000000000000000e+00,0.0000000000000000e+00,-8.8594215167963253e-04,-1.1263447383978401e-03,-4.5198961125861529e-03,-2.7725023311925968e-03,1.2555491447571704e-02,-1.0620103568099623e-02,7.0513924352358145e-06,-1.2105074945135480e-06,0.0000000000000000e+00,0.0000000000000000e+00,0.0000000000000000e+00,0.0000000000000000e+00,0.0000000000000000e+00,3.5561271954378304e+09,3.5069375000001957e-05,2.1516405324075306e+06,-7.8550307558431950e+02,6.8175857119972101e-05,0.0000000000000000e+00,-2.0543338145954567e+03,9.2670742001208870e-06,8.1278877176726265e+06,5.6621748647888368e+06,
3.0159644134990254e-04,-2.3333404472353025e-01,0.0000000000000000e+00,0.0000000000000000e+00,6.5171416583699023e+05,2.7356443986931940e+03,1.5140036996873986e-07,6.2205462688228878e-07,9.1583274572196691e-07,3.5038951177367230e-06,2.5781178610767834e-05,3.4660505314681250e-06,1.1797911777062056e-09,1.5830257010651624e-10,0.0000000000000000e+00,2.6715468828350964e-04,0.0000000000000000e+00,0.0000000000000000e+00,0.0000000000000000e+00,-8.5243329892449777e-04,-1.7891215469658826e-03,-5.5634259666819241e-03,-2.0634048847327377e-02,2.0421376304283645e-02,-9.5901026089146232e-03,-2.8108067664515788e-05,-1.1331769448984180e-06,0.0000000000000000e+00,0.0000000000000000e+00,0.0000000000000000e+00,0.0000000000000000e+00,0.0000000000000000e+00,5.6490144421476030e+09,2.3592124999999298e-05,2.0354210752958790e+06,-7.4048316333414380e+02,2.5469382156315919e-03,0.0000000000000000e+00,1.7472670717968269e+03,-2.8581758118077321e-05,8.1173803866746016e+06,5.6514644471553564e+06,
2.9956374053876961e-04,1.4596321812458537e+00,0.0000000000000000e+00,0.0000000000000000e+00,4.9361159578775830e+05,2.6588002572720579e+03,1.4840716465322810e-07,5.9901606778931459e-07,8.9300569333507847e-07,3.3187429513024091e-06,2.5711929795485893e-05,3.4607309502134959e-06,9.8816278731794177e-10,1.6338415216416338e-10,0.0000000000000000e+00,2.6535747581378071e-04,0.0000000000000000e+00,0.0000000000000000e+00,0.0000000000000000e+00,-1.1744568444678914e-03,-1.7291506721421029e-03,-6.5079884115653835e-03,-1.5264792679055710e-02,2.7817152402426989e-02,-1.2758783938767466e-02,-1.2218342835598363e-05,-1.9186214787961164e-06,0.0000000000000000e+00,0.0000000000000000e+00,0.0000000000000000e+00,0.0000000000000000e+00,0.0000000000000000e+00,7.2154327429270868e+09,2.0101000000008473e-05,1.9636443714041584e+06,4.8537135685133571e+03,4.9431634874670255e-02,0.0000000000000000e+00,1.6201284002637403e+03,-7.1882346571857407e-06,8.0909826162249465e+06,5.6274796751113329e+06,
3.0002485488446489e-04,2.1895422807797056e+00,0.0000000000000000e+00,0.0000000000000000e+00,4.6876620996385784e+05,2.6389366026083358e+03,1.4928476903483133e-07,6.0037053074168760e-07,8.9281604661636070e-07,3.3058329962752158e-06,2.5770545019995473e-05,3.5260419849901854e-06,9.5565188571130018e-10,1.7854156294812111e-10,0.0000000000000000e+00,2.6577153968263190e-04,0.0000000000000000e+00,0.0000000000000000e+00,0.0000000000000000e+00,-1.3510393274362871e-03,-1.6489127551699413e-03,-6.9848355306455249e-03,-5.2204393617810924e-03,2.7790858719243552e-02,-1.5093580824636407e-02,4.5978093441415319e-06,-2.3582523788248735e-06,0.0000000000000000e+00,0.0000000000000000e+00,0.0000000000000000e+00,0.0000000000000000e+00,0.0000000000000000e+00,7.7925819199689665e+09,2.1794249999998461e-05,1.9618479673472850e+06,7.2978696435762486e+03,7.5254628256086684e-02,0.0000000000000000e+00,6.0961464793213725e+02,2.7054605697505777e-06,8.0873478200395741e+06,5.6235306439954061e+06,
3.0279808769880282e-04,2.3979659535707580e+00,0.0000000000000000e+00,0.0000000000000000e+00,4.7298941722683818e+05,2.6336920247967737e+03,1.5306863058103441e-07,6.0908044511200446e-07,9.0691256978739443e-07,3.3233875305743566e-06,2.5896263565164791e-05,3.5672442736592346e-06,9.5359542865236500e-10,1.8763259182202713e-10,0.0000000000000000e+00,2.6824054707860913e-04,0.0000000000000000e+00,0.0000000000000000e+00,0.0000000000000000e+00,-1.5340518430881967e-03,-1.6856865346469476e-03,-7.6391605008903638e-03,-3.5397717913360472e-03,2.8906583794488849e-02,-1.6996180214835996e-02,6.7151908406686007e-06,-2.7595603926269773e-06,0.0000000000000000e+00,0.0000000000000000e+00,0.0000000000000000e+00,0.0000000000000000e+00,0.0000000000000000e+00,8.3644473068431225e+09,3.5851749999996074e-05,1.9689155162736904e+06,7.9193563334390865e+03,8.1892229039855491e-02,0.0000000000000000e+00,-1.6230882025764245e+02,-1.5140360724718907e-07,8.0884006429512901e+06,5.6224036503365859e+06,
3.0298288282760429e-04,2.3590472683066150e+00,0.0000000000000000e+00,0.0000000000000000e+00,5.0313392366956751e+05,2.6132756933420583e+03,1.5956240038836702e-07,6.1887347596106438e-07,9.4454818630818109e-07,3.3710897592891817e-06,2.5734572414489250e-05,3.6424563023910467e-06,9.2059775145664760e-10,1.9562664597693719e-10,0.0000000000000000e+00,2.6839737846847788e-04,0.0000000000000000e+00,0.0000000000000000e+00,0.0000000000000000e+00,-1.7210051605529469e-03,-1.7722547778159644e-03,-8.4360087079926888e-03,-1.7598211604907214e-03,2.9979499816647159e-02,-1.8635069370877728e-02,8.8084942114708765e-06,-3.2047463928689594e-06,0.0000000000000000e+00,0.0000000000000000e+00,0.0000000000000000e+00,0.0000000000000000e+00,0.0000000000000000e+00,9.0176561570059223e+09,1.9927500000002651e-05,1.9548144444646626e+06,7.7860744022588924e+03,8.0787879381338190e-02,0.0000000000000000e+00,-3.9756791452357720e+02,-6.1112924393981244e-07,8.0844661225549774e+06,5.6155734147981415e+06,
3.0298709009058045e-04,2.3487456613419253e+00,0.0000000000000000e+00,0.0000000000000000e+00,5.0166216543647106e+05,2.5905106941707004e+03,1.6640203830207740e-07,6.2589786266185597e-07,9.7895513009608989e-07,3.3795506864393118e-06,2.5657528994976772e-05,3.7162149533679350e-06,8.9244039008705864e-10,2.0784854033746469e-10,0.0000000000000000e+00,2.6839896192890647e-04,0.0000000000000000e+00,0.0000000000000000e+00,0.0000000000000000e+00,-1.8778919433954202e-03,-1.9498020038517824e-03,-9.3967037375863385e-03,-2.9728432409635102e-03,3.2314754306343466e-02,-1.9584536098526749e-02,6.3385584599518634e-06,-3.5542455683254495e-06,0.0000000000000000e+00,0.0000000000000000e+00,0.0000000000000000e+00,0.0000000000000000e+00,0.0000000000000000e+00,9.8836012196791611e+09,3.5739750000013393e-05,1.9448589732394370e+06,7.7507403798576097e+03,8.0512335427742526e-02,0.0000000000000000e+00,-1.8844811947350777e+02,2.7799288638847425e-07,8.0793583856328214e+06,5.6081395074187582e+06,
3.0406471792781750e-04,2.4337120631311491e+00,0.0000000000000000e+00,0.0000000000000000e+00,5.0564077402606892e+05,2.5759532406008357e+03,1.7468924301434042e-07,6.3651712616481804e-07,1.0207922855336419e-06,3.4051013278037674e-06,2.5567490631100984e-05,3.8066579182989331e-06,8.8763610375657111e-10,2.2277630411243718e-10,0.0000000000000000e+00,2.6936193993265479e-04,0.0000000000000000e+00,0.0000000000000000e+00,0.0000000000000000e+00,-1.9630706990638454e-03,-2.3371635690018155e-03,-1.0883552437360939e-02,-9.3123573277533490e-03,3.6430231612876673e-02,-1.9761218034475791e-02,1.1554810718095541e-06,-3.6812121098332697e-06,0.0000000000000000e+00,0.0000000000000000e+00,0.0000000000000000e+00,0.0000000000000000e+00,0.0000000000000000e+00,1.1004980022721029e+10,3.6989375000004432e-05,1.9454171919342277e+06,8.0039278470608106e+03,8.3364990625251878e-02,0.0000000000000000e+00,8.9701340731393918e+02,-1.9196670579807219e-05,8.0771953048035856e+06,5.6050351601281241e+06,
2.9214033513067937e-04,2.9797340324906951e+00,0.0000000000000000e+00,0.0000000000000000e+00,7.3471265290165087e+05,2.6310638393641543e+03,1.9347180654341058e-07,6.6861056462123486e-07,1.1532609155150297e-06,3.6673216232007292e-06,2.2224698152872925e-05,3.9887528583669081e-06,9.8314289716824651e-10,1.9749113743673194e-10,0.0000000000000000e+00,2.5884069640412657e-04,0.0000000000000000e+00,0.0000000000000000e+00,0.0000000000000000e+00,-2.6053277502732257e-03,-2.3445069771984252e-03,-1.4344755180106347e-02,-1.1197746467106022e-02,4.3534848803757187e-02,-2.0646023148615775e-02,1.0478552766650646e-06,-3.2076405789302023e-06,0.0000000000000000e+00,-4.4080294969717215e-12,0.0000000000000000e+00,0.0000000000000000e+00,0.0000000000000000e+00,1.2677646632972239e+10,3.6082000000006720e-05,1.9846017631400072e+06,9.7968409543800572e+03,1.0100858841157095e-01,0.0000000000000000e+00,2.2558066808232884e+03,-3.2767553453777694e-05,8.0947049380018152e+06,5.6147114328771653e+06,
2.9388699735707018e-04,3.7103690837938053e+00,0.0000000000000000e+00,0.0000000000000000e+00,1.4168644025110519e+06,2.7130769477717613e+03,2.5118209965700200e-07,7.4598260511385916e-07,1.5698488595247107e-06,4.3617806834668666e-06,2.2255551664499441e-05,4.2710304713408778e-06,1.1892393230843048e-09,2.0581867656132549e-10,0.0000000000000000e+00,2.6043010506896576e-04,0.0000000000000000e+00,0.0000000000000000e+00,0.0000000000000000e+00,-3.5045362707231582e-03,-2.8654008025051506e-03,-1.9845624859427681e-02,-9.4635222344691995e-03,4.4329136766170570e-02,-2.6258909349965123e-02,8.4875113859205263e-06,-4.7249840279619663e-06,0.0000000000000000e+00,0.0000000000000000e+00,0.0000000000000000e+00,0.0000000000000000e+00,0.0000000000000000e+00,1.5016076949061357e+10,3.7180999999997244e-05,2.0494869133423325e+06,1.2625155645405226e+04,1.2572363474168824e-01,0.0000000000000000e+00,1.3886492820253479e+03,1.0766936199356770e-05,8.1224036727106012e+06,5.6122784578019595e+06,
3.0756374933658899e-04,4.5594712155452184e+00,0.0000000000000000e+00,0.0000000000000000e+00,1.4453399670517615e+06,2.6750644679620268e+03,2.7667767052943512e-07,7.8411313454314245e-07,1.6973948318046936e-06,4.4646871264022982e-06,2.3276397337914614e-05,4.6168930656538065e-06,1.1878759639493410e-09,2.5673884723999394e-10,0.0000000000000000e+00,2.7244614155492981e-04,0.0000000000000000e+00,0.0000000000000000e+00,0.0000000000000000e+00,-5.4614188879487137e-03,-4.3727580617970181e-03,-3.1802635834950972e-02,-1.8875848871085968e-02,6.6037616333674193e-02,-3.7360205860138870e-02,1.2615758321017637e-06,-8.0132691356728266e-06,0.0000000000000000e+00,-4.4080294969717215e-12,0.0000000000000000e+00,0.0000000000000000e+00,0.0000000000000000e+00,2.1040921489245880e+10,2.0758874999998733e-05,2.0903520971083932e+06,1.4824475333585115e+04,1.4945879175484381e-01,0.0000000000000000e+00,6.2792079025751636e+03,2.7854288009690649e-05,8.1165583239298603e+06,5.5970701455196347e+06,
3.3586803814757832e-04,7.2020058970049279e+00,0.0000000000000000e+00,0.0000000000000000e+00,1.7463347715891167e+06,2.6047538774259779e+03,3.3861724638755565e-07,8.8443109729836216e-07,2.0605061413255374e-06,4.9737894850235962e-06,2.4771539700627153e-05,5.3031139650595030e-06,1.2623829649250502e-09,3.4267030238942660e-10,0.0000000000000000e+00,2.9753443545858929e-04,0.0000000000000000e+00,0.0000000000000000e+00,0.0000000000000000e+00,-1.2249963753432536e-02,-6.9222889956513170e-03,-6.6773065317248206e-02,-1.9855759589883532e-02,1.0399743468897343e-01,-7.7406580207760339e-02,-2.3852897640193297e-06,-2.1850425826985671e-05,0.0000000000000000e+00,-4.4080294969717215e-12,0.0000000000000000e+00,0.0000000000000000e+00,0.0000000000000000e+00,3.3890926214391045e+10,2.0939250000004406e-05,2.2601820483541819e+06,2.1442962946776173e+04,2.1703013534729296e-01,0.0000000000000000e+00,1.0649201336659395e+04,4.7843015873296847e-05,8.1092730108135203e+06,5.5702882198313130e+06,
3.8469647685678970e-04,1.2084994871220463e+01,0.0000000000000000e+00,0.0000000000000000e+00,2.3985442007979094e+06,2.2566535866809973e+03,4.7969485667342382e-07,1.0699106391003659e-06,2.8654421567595833e-06,5.8511793038875541e-06,2.6960447177338191e-05,6.6783399678035513e-06,1.4345636970454831e-09,5.5681229464517927e-10,0.0000000000000000e+00,3.4078947137923532e-04,0.0000000000000000e+00,0.0000000000000000e+00,0.0000000000000000e+00,-1.2584266512035350e-01,-1.4077415667301696e-02,-2.9869946959213489e-01,-2.4248778178255215e-02,2.0072880004023003e-01,-1.4486626874532891e+00,-6.1760828417696274e-04,-2.5424888350094747e-04,0.0000000000000000e+00,0.0000000000000000e+00,0.0000000000000000e+00,0.0000000000000000e+00,0.0000000000000000e+00,7.2594196706444519e+10,2.3758499999998461e-05,2.5328408043794511e+06,3.1414363266236316e+04,3.2074300054655952e-01,0.0000000000000000e+00,-6.5457917241198746e+04,-1.8356383002149658e-04,8.0574139005973162e+06,5.4505206088794908e+06,
1.8074999999999965e-04,-8.8086704999966745e+00,0.0000000000000000e+00,0.0000000000000000e+00,4.6449824572702526e+05,7.4767244175180122e+02,8.2665769092345021e-20,2.3086163203238568e-06,1.0411568502292041e-19,1.0026768067091851e-20,7.9393134697538861e-19,1.8321206601608606e-05,1.3219862739807049e-17,1.3490776280010062e-21,0.0000000000000000e+00,1.6012017707805296e-04,0.0000000000000000e+00,0.0000000000000000e+00,0.0000000000000000e+00,1.1366653719085082e-16,-4.0030445474813972e+00,2.3498496875518126e-16,-7.4793649092838310e-03,5.7044695669921383e-15,-2.8254183765708177e+01,-4.5693656502493211e-03,1.2978691573994138e-17,0.0000000000000000e+00,0.0000000000000000e+00,0.0000000000000000e+00,0.0000000000000000e+00,0.0000000000000000e+00,-2.3497315615566270e-04,2.3542124999997860e-05,3.5594000034465635e+05,-4.8733999999981694e+04,3.7749920029864864e-01,0.0000000000000000e+00,-4.5057955049225764e+05,-1.4796690355650944e-03,7.5348274278875412e+06,4.9010012057154002e+06,
1.8074999999999965e-04,-8.8086704999966745e+00,0.0000000000000000e+00,0.0000000000000000e+00,4.6449824572702526e+05,7.4767244175180122e+02,8.2665769092345021e-20,2.3086163203238568e-06,1.0411568502292041e-19,1.0026768067091851e-20,7.9393134697538861e-19,1.8321206601608606e-05,1.3219862739807049e-17,1.3490776280010062e-21,0.0000000000000000e+00,1.6012017707805296e-04,0.0000000000000000e+00,0.0000000000000000e+00,0.0000000000000000e+00,1.1366653719085082e-16,0.0000000000000000e+00,2.3498496875518126e-16,1.8331946763210457e-17,5.7044695669921383e-15,0.0000000000000000e+00,7.0100675654251420e-14,1.2978691573994138e-17,0.0000000000000000e+00,0.0000000000000000e+00,0.0000000000000000e+00,0.0000000000000000e+00,0.0000000000000000e+00,-2.2725964030370665e-04,2.0483249999994624e-05,3.5594000034465635e+05,-4.8733999999981694e+04,8.8570391296440920e-01,0.0000000000000000e+00,0.0000000000000000e+00,0.0000000000000000e+00,7.5348274278875412e+06,4.9010012057154002e+06,
1.8074999999999965e-04,-8.8086704999966745e+00,0.0000000000000000e+00,0.0000000000000000e+00,4.6449824572702526e+05,7.4767244175180122e+02,8.2665769092345021e-20,2.3086163203238568e-06,1.0411568502292041e-19,1.0026768067091851e-20,7.9393134697538861e-19,1.8321206601608606e-05,1.3219862739807049e-17,1.3490776280010062e-21,0.0000000000000000e+00,1.6012017707805296e-04,0.0000000000000000e+00,0.0000000000000000e+00,0.0000000000000000e+00,1.1366653719085082e-16,0.0000000000000000e+00,2.3498496875518126e-16,1.8331946763210457e-17,5.7044695669921383e-15,0.0000000000000000e+00,7.0100675654251420e-14,1.2978691573994138e-17,0.0000000000000000e+00,0.0000000000000000e+00,0.0000000000000000e+00,0.0000000000000000e+00,0.0000000000000000e+00,-2.2725964030370665e-04,3.4945999999994037e-05,3.5594000034465635e+05,-4.8733999999981694e+04,8.8570391296440920e-01,0.0000000000000000e+00,0.0000000000000000e+00,0.0000000000000000e+00,7.5348274278875412e+06,4.9010012057154002e+06,

16,42
3.1425996264036472e-04,2.6055653864120931e-03,0.0000000000000000e+00,0.0000000000000000e+00,9.3289813353392505e+05,2.8631437863807059e+03,1.5304952009426488e-07,6.4755954121457275e-07,9.6690294138418067e-07,3.8221117692088673e-06,2.6753663789921347e-05,3.5806043882260988e-06,1.6748959858853158e-09,1.5604169275226589e-10,0.0000000000000000e+00,2.7838701562079546e-04,0.0000000000000000e+00,0.0000000000000000e+00,0.0000000000000000e+00,-5.4735074750938734e-04,-7.1941420076874736e-04,-3.1274768034704487e-03,2.1034919811574824e-03,1.9006933733551855e-02,-5.8316173630010848e-03,2.1614322255726085e-05,-6.5099366901414132e-07,0.0000000000000000e+00,0.0000000000000000e+00,0.0000000000000000e+00,0.0000000000000000e+00,0.0000000000000000e+00,5.3502978966765299e+09,3.5069375000001957e-05,2.1800929293046468e+06,8.5584073247607577e+00,7.8716376107735124e-03,0.0000000000000000e+00,1.0659344495305231e+02,2.6303476044363741e-05,8.1378256079005972e+06,5.6694142607115256e+06,
3.1511053360471620e-04,1.2729723050091946e+00,0.0000000000000000e+00,0.0000000000000000e+00,8.0152791886884382e+05,2.8049189848878223e+03,1.5302239096316722e-07,6.4647305529473407e-07,9.5570256308742089e-07,3.7741635487463912e-06,2.6838870928249854e-05,3.6324973044047169e-06,1.4920800606268910e-09,1.6151046519444976e-10,0.0000000000000000e+00,2.7914481576326482e-04,0.0000000000000000e+00,0.0000000000000000e+00,0.0000000000000000e+00,-4.9007907281653951e-04,-1.1945138193522006e-03,-4.4767695857368429e-03,-4.0240804954015724e-03,3.1393451095706293e-02,-3.3281905389071359e-03,7.5519988296965149e-06,-3.2985189781619788e-07,0.0000000000000000e+00,0.0000000000000000e+00,0.0000000000000000e+00,0.0000000000000000e+00,0.0000000000000000e+00,7.0822247479484253e+09,2.3592124999999298e-05,2.1790627998954779e+06,4.2207802562641409e+03,4.2866929912470625e-02,0.0000000000000000e+00,8.8760526372186960e+03,4.4294861297518541e-06,8.1257951152308723e+06,5.6604001566373855e+06,
3.0072482865793089e-04,2.1465222923246379e+00,0.0000000000000000e+00,0.0000000000000000e+00,6.1735312478638568e+05,2.7207261926478241e+03,1.5067660413940014e-07,6.1767044330369611e-07,9.0781845271811520e-07,3.4596229644450275e-06,2.5751396028287307e-05,3.5268501407027392e-06,1.1337791727270011e-09,1.7727502585890485e-10,0.0000000000000000e+00,2.6637561605149894e-04,0.0000000000000000e+00,0.0000000000000000e+00,0.0000000000000000e+00,-7.6186470848840792e-04,-1.5929238963326299e-03,-5.7565500459819856e-03,-5.7821051506214876e-03,3.0348307384455486e-02,-6.8228556797021445e-03,3.8714931427015246e-06,-8.7525614754011899e-07,0.0000000000000000e+00,0.0000000000000000e+00,0.0000000000000000e+00,0.0000000000000000e+00,0.0000000000000000e+00,7.7263844191483698e+09,2.0101000000008473e-05,2.0181414906411185e+06,7.1599726488323868e+03,7.3781638950615444e-02,0.0000000000000000e+00,6.2933484852051479e+03,2.0473527097694794e-06,8.1152791847795695e+06,5.6486862263805633e+06,
3.0258571208700830e-04,2.3794767395709338e+00,0.0000000000000000e+00,0.0000000000000000e+00,4.8714086407744209e+05,2.6549138899234194e+03,1.5236977102539357e-07,6.0748413281614054e-07,9.0339477305650270e-07,3.3171451140040814e-06,2.5986976812506219e-05,3.5611899102875875e-06,9.7961153613522929e-10,1.8678765563715200e-10,0.0000000000000000e+00,2.6805600913377102e-04,0.0000000000000000e+00,0.0000000000000000e+00,0.0000000000000000e+00,-1.2074557978625415e-03,-1.5931367603934949e-03,-6.5477615599734140e-03,-3.6840177312994797e-03,2.8758275275499179e-02,-1.3224664705555111e-02,6.4691451020776805e-06,-1.9983429898944447e-06,0.0000000000000000e+00,0.0000000000000000e+00,0.0000000000000000e+00,0.0000000000000000e+00,0.0000000000000000e+00,8.2926851118223763e+09,2.1794249999998461e-05,1.9676199983471564e+06,7.8638106312393129e+03,8.1316948809891737e-02,0.0000000000000000e+00,1.3532853598491056e+03,4.3999682887615093e-06,8.0906312663494889e+06,5.6270231449579597e+06,
3.0320398061988552e-04,2.4402419615562048e+00,0.0000000000000000e+00,0.0000000000000000e+00,5.0157548216544429e+05,2.6384908544540795e+03,1.5877310733635271e-07,6.1802044324374918e-07,9.4009551181469686e-07,3.3680054284654221e-06,2.5998860394204773e-05,3.6322598599725578e-06,9.5804447606096244e-10,1.9434549475597091e-10,0.0000000000000000e+00,2.6858603597338125e-04,0.0000000000000000e+00,0.0000000000000000e+00,0.0000000000000000e+00,-1.3700652264111509e-03,-1.6550378780690713e-03,-7.0515028979110835e-03,-1.9595080133169127e-03,2.9808488280483231e-02,-1.5294518546534819e-02,8.8583866039777136e-06,-2.4026449576381335e-06,0.0000000000000000e+00,0.0000000000000000e+00,0.0000000000000000e+00,0.0000000000000000e+00,0.0000000000000000e+00,8.9254558369890308e+09,3.5851749999996074e-05,1.9714699015546022e+06,8.0484503693511242e+03,8.3228169321586165e-02,0.0000000000000000e+00,5.5379726822203281e+02,1.9904016545320077e-06,8.0894823900632914e+06,5.6243284197680224e+06,
3.0319411328774102e-04,2.4300749281411980e+00,0.0000000000000000e+00,0.0000000000000000e+00,5.0638601340173755e+05,2.6317428594574785e+03,1.6559417412175192e-07,6.2534193264384058e-07,9.7469343761515617e-07,3.3796177135837133e-06,2.5877848535418961e-05,3.7045580628205418e-06,9.5077243063079417e-10,2.0602610069635738e-10,0.0000000000000000e+00,2.6858191430057150e-04,0.0000000000000000e+00,0.0000000000000000e+00,0.0000000000000000e+00,-1.5592290053601161e-03,-1.6914847005926310e-03,-7.7339650774425305e-03,-1.2662231894322693e-03,3.1954185439524087e-02,-1.7241240622522528e-02,9.2915318316722272e-06,-2.8198724870382017e-06,0.0000000000000000e+00,0.0000000000000000e+00,0.0000000000000000e+00,0.0000000000000000e+00,0.0000000000000000e+00,9.7656182544106064e+09,1.9927500000002651e-05,1.9683095096622645e+06,8.0153671597041657e+03,8.2931731391306801e-02,0.0000000000000000e+00,-2.4068983025527268e+02,1.2310478641047265e-07,8.0885323447484979e+06,5.6216201398891890e+06,
3.0380261832865975e-04,2.4093946966119848e+00,0.0000000000000000e+00,0.0000000000000000e+00,5.1000394277577958e+05,2.6099081388299810e+03,1.7347834842533657e-07,6.3468658564081714e-07,1.0142360388294380e-06,3.3978155825795623e-06,2.5719966821645735e-05,3.7926701569270719e-06,9.1588226851773735e-10,2.2082657254234150e-10,0.0000000000000000e+00,2.6913108935431814e-04,0.0000000000000000e+00,0.0000000000000000e+00,0.0000000000000000e+00,-1.7416452584574911e-03,-1.7869975981082342e-03,-8.5556308012553050e-03,-1.4790554791625624e-03,3.5778992712375349e-02,-1.8756689519837479e-02,8.5248340836416556e-06,-3.2604843549999429e-06,0.0000000000000000e+00,0.0000000000000000e+00,0.0000000000000000e+00,0.0000000000000000e+00,0.0000000000000000e+00,1.0841591013701773e+10,3.5739750000013393e-05,1.9524980265594984e+06,7.9307897669448439e+03,8.2582704990685402e-02,0.0000000000000000e+00,6.9178283681597770e+02,2.2287552371123842e-06,8.0836329035774264e+06,5.6145182451949269e+06,
3.0787436943987737e-04,2.8917313680386112e+00,0.0000000000000000e+00,0.0000000000000000e+00,6.2533484117668378e+05,2.6028166862005974e+03,1.8717122270469490e-07,6.5914068654426786e-07,1.1032296488287924e-06,3.5629697397990850e-06,2.5947014498707144e-05,3.9522513696300404e-06,9.3753998408773899e-10,2.3574808066987740e-10,0.0000000000000000e+00,2.7270792032307466e-04,0.0000000000000000e+00,0.0000000000000000e+00,0.0000000000000000e+00,-1.8960993035682543e-03,-1.9807920107390272e-03,-9.5398628311118769e-03,-3.3721438607766294e-03,4.3360575512208357e-02,-1.8862193676664647e-02,5.9322876595278940e-06,-3.3932826461409718e-06,0.0000000000000000e+00,0.0000000000000000e+00,0.0000000000000000e+00,0.0000000000000000e+00,0.0000000000000000e+00,1.2464013193537571e+10,3.6989375000004432e-05,1.9758205873905846e+06,9.4335320860073352e+03,9.7870227436119353e-02,0.0000000000000000e+00,3.6893423907428805e+03,1.0079834404821500e-05,8.0867614561815150e+06,5.6103642294496614e+06,
3.0415253716643115e-04,3.6397784522938599e+00,0.0000000000000000e+00,0.0000000000000000e+00,1.4466608991581120e+06,2.7889064201217493e+03,2.4793364406101894e-07,7.4138635205000771e-07,1.5529242458499192e-06,4.3468722276770546e-06,2.5096364650566268e-05,4.2428968795907461e-06,1.3264274869227305e-09,2.2532010039844743e-10,0.0000000000000000e+00,2.6938354628462002e-04,0.0000000000000000e+00,0.0000000000000000e+00,0.0000000000000000e+00,-1.9869279706219880e-03,-2.0888181275438718e-03,-1.1257095390718683e-02,-4.9357281425997934e-03,4.4912585728052318e-02,-1.7309670498753302e-02,1.6188928772802568e-05,-2.6550400110249692e-06,0.0000000000000000e+00,0.0000000000000000e+00,0.0000000000000000e+00,0.0000000000000000e+00,0.0000000000000000e+00,1.4583554630179937e+10,3.6082000000006720e-05,2.0463948876560566e+06,1.2423582066680536e+04,1.2362824550326854e-01,0.0000000000000000e+00,4.7383701208792145e+03,8.7479799577479724e-06,8.1286633636808600e+06,5.6256547065160684e+06,
3.0507307398535457e-04,4.3565181783235563e+00,0.0000000000000000e+00,0.0000000000000000e+00,1.4554763863938886e+06,2.7816183351506797e+03,2.7177851631251167e-07,7.7610756655845728e-07,1.6697578142206605e-06,4.4285349665642908e-06,2.3128318898211145e-05,4.5577291875479555e-06,1.3100858250973214e-09,2.4910774409575926e-10,0.0000000000000000e+00,2.7023940868887238e-04,0.0000000000000000e+00,0.0000000000000000e+00,0.0000000000000000e+00,-2.7943467499003602e-03,-2.0764460610479046e-03,-1.5036639469652748e-02,-7.5263291732000082e-04,6.1934230989760225e-02,-2.2913761177897514e-02,2.1421999745672705e-05,-3.4014271676553368e-06,0.0000000000000000e+00,0.0000000000000000e+00,0.0000000000000000e+00,0.0000000000000000e+00,0.0000000000000000e+00,2.0020862649266850e+10,3.7180999999997244e-05,2.0775973170005712e+06,1.4280244799751474e+04,1.4384150692282044e-01,0.0000000000000000e+00,5.2949638763257435e+03,2.5263530192476343e-05,8.1280988918235637e+06,5.6209682000046009e+06,
3.3152312190893045e-04,6.7843574556886246e+00,0.0000000000000000e+00,0.0000000000000000e+00,1.6968086833162385e+06,2.7068119433679126e+03,3.2840232677375382e-07,8.6869146233660411e-07,2.0009367636073826e-06,4.8949074008770036e-06,2.4548991991429273e-05,5.1935079872890218e-06,1.2496911260806381e-09,3.2809220939082751e-10,0.0000000000000000e+00,2.9368610619328196e-04,0.0000000000000000e+00,0.0000000000000000e+00,0.0000000000000000e+00,-3.6130238955287518e-03,-3.0578466026602077e-03,-2.0754277231371430e-02,-1.2132286184613733e-02,9.7879495988059784e-02,-2.6481270852914005e-02,5.9711376463319809e-06,-4.8827041616362175e-06,0.0000000000000000e+00,0.0000000000000000e+00,0.0000000000000000e+00,0.0000000000000000e+00,0.0000000000000000e+00,3.1605665545290646e+10,2.0758874999998733e-05,2.2343973170023826e+06,2.0464205985464538e+04,2.0699794203062033e-01,0.0000000000000000e+00,1.0242158325778204e+04,4.4987410367649389e-05,8.1212524810190219e+06,5.6103709981461670e+06,
3.7647183287870022e-04,1.1246242368142251e+01,0.0000000000000000e+00,0.0000000000000000e+00,2.2800476020402960e+06,2.6691593995303233e+03,4.5273512192276293e-07,1.0382325083960513e-06,2.7145502045525073e-06,5.7099420084484735e-06,2.6621651819604285e-05,6.4295809951744592e-06,1.4000431305356575e-09,5.1344800115848506e-10,0.0000000000000000e+00,3.3350322672947002e-04,0.0000000000000000e+00,0.0000000000000000e+00,0.0000000000000000e+00,-5.9173864745232004e-03,-4.5910606888187409e-03,-3.4233047282141278e-02,-1.6922105362567441e-02,1.8029823935141165e-01,-4.0198630549807865e-02,1.7170304044112214e-06,-8.8648272301940401e-06,0.0000000000000000e+00,0.0000000000000000e+00,0.0000000000000000e+00,0.0000000000000000e+00,0.0000000000000000e+00,6.4114622730634392e+10,2.0939250000004406e-05,2.4897702940587299e+06,2.9872732528613389e+04,3.0444540718166807e-01,0.0000000000000000e+00,1.5823644147963496e+04,8.3201610755034565e-05,8.1159802767950678e+06,5.5948212905415148e+06,
5.1015798823817588e-04,2.5039602689063848e+01,0.0000000000000000e+00,0.0000000000000000e+00,4.4192214536266709e+06,2.5891929458141121e+03,1.0655588630464299e-06,1.5202635537774292e-06,5.7112776388827212e-06,7.3935665308693169e-06,3.1274330260137386e-05,1.1465870149955209e-05,2.8835249946036031e-09,1.6965853518628085e-09,0.0000000000000000e+00,4.5199635310667609e-04,0.0000000000000000e+00,0.0000000000000000e+00,0.0000000000000000e+00,-1.4091766292097307e-02,-6.8932740124434530e-03,1.2972785408970414e-02,8.1397306693776095e-01,7.5532463140709816e-01,-8.7653430867094789e-02,-5.6116359586002050e-06,-2.5967016003825649e-05,0.0000000000000000e+00,4.4089176753914217e-12,0.0000000000000000e+00,0.0000000000000000e+00,0.0000000000000000e+00,3.7137315405503271e+11,2.3758499999998461e-05,3.0455130835204469e+06,4.9082055493314525e+04,5.2631993873350824e-01,0.0000000000000000e+00,4.8468187617099182e+04,3.2220169998507597e-04,8.1074473122147163e+06,5.5645708019710351e+06,
4.5641556257080141e-04,1.6320345678028065e+01,0.0000000000000000e+00,0.0000000000000000e+00,3.2711060000094837e+06,1.8826152735200574e+03,7.3690048119701736e-07,3.0049439432209236e-06,2.1516790247299427e-06,2.6421529677001401e-06,1.6827341678009823e-05,2.6491245892811071e-05,6.9921596009938569e-09,7.8357628584769872e-10,0.0000000000000000e+00,4.0455352284724563e-04,0.0000000000000000e+00,0.0000000000000000e+00,0.0000000000000000e+00,1.0742836565516463e+00,0.0000000000000000e+00,2.8647240846397675e+00,4.5698423710075620e+00,2.3751658814932810e+01,0.0000000000000000e+00,3.5726728831019321e-03,1.2887517085387601e-03,0.0000000000000000e+00,8.8107299234252423e-12,0.0000000000000000e+00,0.0000000000000000e+00,0.0000000000000000e+00,3.4961056371390735e+11,2.3542124999997860e-05,2.2540464849442849e+06,3.5757645041948745e+04,8.8570391296440920e-01,0.0000000000000000e+00,0.0000000000000000e+00,0.0000000000000000e+00,7.9378819722360382e+06,5.3146249376888284e+06,
1.8074999999999965e-04,-8.8086704999966745e+00,0.0000000000000000e+00,0.0000000000000000e+00,4.6449824572702526e+05,7.4767244175180122e+02,8.2665769092345021e-20,2.3086163203238568e-06,1.0411568502292041e-19,1.0026768067091851e-20,7.9393134697538861e-19,1.8321206601608606e-05,1.3219862739807049e-17,1.3490776280010062e-21,0.0000000000000000e+00,1.6012017707805296e-04,0.0000000000000000e+00,0.0000000000000000e+00,0.0000000000000000e+00,1.1366653719085082e-16,0.0000000000000000e+00,2.3498496875518126e-16,1.8331946763210457e-17,5.7044695669921383e-15,0.0000000000000000e+00,7.0100675654251420e-14,1.2978691573994138e-17,0.0000000000000000e+00,0.0000000000000000e+00,0.0000000000000000e+00,0.0000000000000000e+00,0.0000000000000000e+00,-2.2725964030370665e-04,2.0483249999994624e-05,3.5594000034465635e+05,-4.8733999999981694e+04,8.8570391296440920e-01,0.0000000000000000e+00,0.0000000000000000e+00,0.0000000000000000e+00,7.5348274278875412e+06,4.9010012057154002e+06,
1.8074999999999965e-04,-8.8086704999966745e+00,0.0000000000000000e+00,0.0000000000000000e+00,4.6449824572702526e+05,7.4767244175180122e+02,8.2665769092345021e-20,2.3086163203238568e-06,1.0411568502292041e-19,1.0026768067091851e-20,7.9393134697538861e-19,1.8321206601608606e-05,1.3219862739807049e-17,1.3490776280010062e-21,0.0000000000000000e+00,1.6012017707805296e-04,0.0000000000000000e+00,0.0000000000000000e+00,0.0000000000000000e+00,1.1366653719085082e-16,0.0000000000000000e+00,2.3498496875518126e-16,1.8331946763210457e-17,5.7044695669921383e-15,0.0000000000000000e+00,7.0100675654251420e-14,1.2978691573994138e-17,0.0000000000000000e+00,0.0000000000000000e+00,0.0000000000000000e+00,0.0000000000000000e+00,0.0000000000000000e+00,-2.2725964030370665e-04,3.4945999999994037e-05,3.5594000034465635e+05,-4.8733999999981694e+04,8.8570391296440920e-01,0.0000000000000000e+00,0.0000000000000000e+00,0.0000000000000000e+00,7.5348274278875412e+06,4.9010012057154002e+06,

