-1.2629969418960245, 0.03275862068965507
-0.9724770642201837, 0.11551724137931019
-0.7033639143730888, 0.21551724137931028
-0.4984709480122327, 0.27413793103448303
-0.33333333333333326, 0.3034482758620688
-0.19571865443425063, 0.3362068965517242
-0.07645259938837912, 0.36896551724137916
0.03363914373088628, 0.4086206896551722
0.2782874617736999, 0.5586206896551724
0.4281345565749226, 0.6775862068965517
0.6207951070336386, 0.8206896551724139
0.7247706422018347, 0.8793103448275863
0.8593272171253816, 0.9344827586206896
1.0122324159021399, 0.9655172413793104
1.1743119266055042, 0.9896551724137932
1.2660550458715583, 0.9965517241379311
