-1.259818731117825, 1.5898251192368846
-0.9697885196374623, 2.464228934817168
-0.7039274924471297, 3.2273449920508748
-0.4954682779456192, 3.243243243243244
-0.33232628398791486, 3.4817170111287776
-0.19637462235649505, 3.4499205087440385
-0.07552870090634434, 3.4340222575516695
0.03625377643504546, 3.354531001589824
0.1480362537764357, 3.1637519872813984
0.27794561933534734, 2.7980922098569145
0.42598187311178304, 2.098569157392687
0.616314199395771, 1.0810810810810807
0.8580060422960729, 0.42925278219395757
1.0181268882175232, 0.1748807631160556
1.1691842900302127, 0.0953895071542128
1.2598187311178255, 0.03179650238473819
