-1.2615384615384615, 0.9981718464351005
-0.9753846153846154, 0.9586837294332723
-0.7076923076923083, 0.9564899451553929
-0.4984615384615383, 0.9564899451553929
-0.33538461538461517, 0.963071297989031
-0.19692307692307676, 0.9411334552102375
-0.07999999999999985, 0.9082266910420475
0.0338461538461543, 0.8533820840950639
0.1476923076923078, 0.7678244972577696
0.2769230769230768, 0.6405850091407677
0.430769230769231, 0.46508226691042
0.5015384615384617, 0.39049360146252243
0.6153846153846163, 0.26544789762340004
0.7292307692307696, 0.17111517367458862
0.8584615384615386, 0.09872029250457004
1.0123076923076928, 0.05045703839122484
1.172307692307693, 0.01974405850091343
1.2707692307692309, 0.002193784277878974
