-1.97037037037037, 0.04177419354838713
-1.7481481481481478, 0.05005376344086021
-1.7333333333333332, 0.05005376344086021
-1.4444444444444442, 0.06548387096774194
-1.155555555555555, 0.08731182795698939
-0.9555555555555553, 0.10537634408602153
-0.7037037037037037, 0.12494623655913983
-0.44444444444444464, 0.14301075268817204
-0.11111111111111072, 0.1482795698924731
0.17037037037036828, 0.13811827956989248
0.3925925925925924, 0.1215591397849462
0.5629629629629633, 0.10424731182795699
0.7333333333333325, 0.08693548387096778
0.9259259259259256, 0.07075268817204305
1.17037037037037, 0.05569892473118282
1.4370370370370367, 0.042526881720430176
1.7407407407407405, 0.03236559139784945
2, 0.026344086021505397
