-2.0296846011131726, 0.03040000000000001
-1.7031539888682747, 0.04064000000000002
-1.3840445269016701, 0.05568000000000002
-1.1094619666048242, 0.07392000000000001
-0.8794063079777374, 0.09248
-0.6196660482374776, 0.11135999999999999
-0.38218923933209714, 0.1232
-0.0927643784786647, 0.12576
0.15955473098330053, 0.11904
0.35992578849721557, 0.10656000000000002
0.5602968460111311, 0.08832000000000001
0.7606679035250448, 0.06944000000000002
0.9981447124304248, 0.05312000000000003
1.2356215213358057, 0.04032000000000001
1.5621521335807032, 0.029440000000000008
1.8961038961038943, 0.021440000000000015
2.0667903525046345, 0.01856000000000002
